Total number of variables............................:     1900
                     variables with only lower bounds:        0
                variables with lower and upper bounds:      600
                     variables with only upper bounds:        0
Total number of equality constraints.................:     1300
Total number of inequality constraints...............:        0
        inequality constraints with only lower bounds:        0
   inequality constraints with lower and upper bounds:        0
        inequality constraints with only upper bounds:        0


Number of Iterations....: 30

                                   (scaled)                 (unscaled)
Objective...............:   2.5312817426721440e+02    5.0625634853442879e+06
Dual infeasibility......:   1.7076544622796064e-09    3.4153089245592128e-05
Constraint violation....:   5.5031933871019234e-15    5.5031933871019234e-15
Variable bound violation:   9.9999978335420410e-09    9.9999978335420410e-09
Complementarity.........:   1.7487083064475471e-09    3.4974166128950942e-05
Overall NLP error.......:   4.9938405998871620e-10    3.4974166128950942e-05


Number of objective function evaluations             = 31
Number of objective gradient evaluations             = 31
Number of equality constraint evaluations            = 31
Number of inequality constraint evaluations          = 0
Number of equality constraint Jacobian evaluations   = 31
Number of inequality constraint Jacobian evaluations = 0
Number of Lagrangian Hessian evaluations             = 30
Total seconds in IPOPT (w/o function evaluations)    =      0.059
Total seconds in NLP function evaluations            =      0.038


Timing Statistics:

OverallAlgorithm....................:      0.096 (sys:      0.000 wall:      0.096)
 PrintProblemStatistics.............:      0.000 (sys:      0.000 wall:      0.000)
 InitializeIterates.................:      0.004 (sys:      0.000 wall:      0.004)
 UpdateHessian......................:      0.028 (sys:      0.000 wall:      0.028)
 OutputIteration....................:      0.000 (sys:      0.000 wall:      0.000)
 UpdateBarrierParameter.............:      0.000 (sys:      0.000 wall:      0.000)
 ComputeSearchDirection.............:      0.052 (sys:      0.000 wall:      0.052)
 ComputeAcceptableTrialPoint........:      0.003 (sys:      0.000 wall:      0.003)
 AcceptTrialPoint...................:      0.000 (sys:      0.000 wall:      0.000)
 CheckConvergence...................:      0.009 (sys:      0.000 wall:      0.009)
PDSystemSolverTotal.................:      0.051 (sys:      0.000 wall:      0.051)
 PDSystemSolverSolveOnce............:      0.049 (sys:      0.000 wall:      0.049)
 ComputeResiduals...................:      0.001 (sys:      0.000 wall:      0.001)
 StdAugSystemSolverMultiSolve.......:      0.052 (sys:      0.000 wall:      0.052)
 LinearSystemScaling................:      0.000 (sys:      0.000 wall:      0.000)
 LinearSystemSymbolicFactorization..:      0.002 (sys:      0.000 wall:      0.002)
 LinearSystemFactorization..........:      0.000 (sys:      0.000 wall:      0.000)
 LinearSystemBackSolve..............:      0.010 (sys:      0.000 wall:      0.010)
 LinearSystemStructureConverter.....:      0.000 (sys:      0.000 wall:      0.000)
  LinearSystemStructureConverterInit:      0.000 (sys:      0.000 wall:      0.000)
QualityFunctionSearch...............:      0.000 (sys:      0.000 wall:      0.000)
TryCorrector........................:      0.000 (sys:      0.000 wall:      0.000)
Task1...............................:      0.000 (sys:      0.000 wall:      0.000)
Task2...............................:      0.000 (sys:      0.000 wall:      0.000)
Task3...............................:      0.000 (sys:      0.000 wall:      0.000)
Task4...............................:      0.000 (sys:      0.000 wall:      0.000)
Task5...............................:      0.000 (sys:      0.000 wall:      0.000)
Task6...............................:      0.000 (sys:      0.000 wall:      0.000)
Function Evaluations................:      0.038 (sys:      0.000 wall:      0.038)
 Objective function.................:      0.000 (sys:      0.000 wall:      0.000)
 Objective function gradient........:      0.001 (sys:      0.000 wall:      0.001)
 Equality constraints...............:      0.001 (sys:      0.000 wall:      0.001)
 Inequality constraints.............:      0.000 (sys:      0.000 wall:      0.000)
 Equality constraint Jacobian.......:      0.008 (sys:      0.000 wall:      0.008)
 Inequality constraint Jacobian.....:      0.000 (sys:      0.000 wall:      0.000)
 Lagrangian Hessian.................:      0.028 (sys:      0.000 wall:      0.028)

EXIT: Optimal Solution Found.
Total number of variables............................:     1900
                     variables with only lower bounds:        0
                variables with lower and upper bounds:      600
                     variables with only upper bounds:        0
Total number of equality constraints.................:     1300
Total number of inequality constraints...............:        0
        inequality constraints with only lower bounds:        0
   inequality constraints with lower and upper bounds:        0
        inequality constraints with only upper bounds:        0


Number of Iterations....: 22

                                   (scaled)                 (unscaled)
Objective...............:   1.8917415630792937e+02    3.7838614743312867e+06
Dual infeasibility......:   5.9398530538601335e-10    1.1880894077891715e-05
Constraint violation....:   7.4484689249754155e-16    7.4484689249754155e-16
Variable bound violation:   9.9999956201704109e-09    9.9999956201704109e-09
Complementarity.........:   8.5919732653261644e-10    1.7185664924669916e-05
Overall NLP error.......:   3.4248487615978719e-10    1.7185664924669916e-05


Number of objective function evaluations             = 23
Number of objective gradient evaluations             = 23
Number of equality constraint evaluations            = 23
Number of inequality constraint evaluations          = 0
Number of equality constraint Jacobian evaluations   = 23
Number of inequality constraint Jacobian evaluations = 0
Number of Lagrangian Hessian evaluations             = 22
Total seconds in IPOPT (w/o function evaluations)    =      0.039
Total seconds in NLP function evaluations            =      0.027


Timing Statistics:

OverallAlgorithm....................:      0.067 (sys:      0.000 wall:      0.067)
 PrintProblemStatistics.............:      0.000 (sys:      0.000 wall:      0.000)
 InitializeIterates.................:      0.003 (sys:      0.000 wall:      0.003)
 UpdateHessian......................:      0.020 (sys:      0.000 wall:      0.020)
 OutputIteration....................:      0.000 (sys:      0.000 wall:      0.000)
 UpdateBarrierParameter.............:      0.000 (sys:      0.000 wall:      0.000)
 ComputeSearchDirection.............:      0.034 (sys:      0.000 wall:      0.034)
 ComputeAcceptableTrialPoint........:      0.002 (sys:      0.000 wall:      0.002)
 AcceptTrialPoint...................:      0.000 (sys:      0.000 wall:      0.000)
 CheckConvergence...................:      0.007 (sys:      0.000 wall:      0.007)
PDSystemSolverTotal.................:      0.034 (sys:      0.000 wall:      0.034)
 PDSystemSolverSolveOnce............:      0.032 (sys:      0.000 wall:      0.032)
 ComputeResiduals...................:      0.001 (sys:      0.000 wall:      0.001)
 StdAugSystemSolverMultiSolve.......:      0.034 (sys:      0.000 wall:      0.034)
 LinearSystemScaling................:      0.000 (sys:      0.000 wall:      0.000)
 LinearSystemSymbolicFactorization..:      0.001 (sys:      0.000 wall:      0.001)
 LinearSystemFactorization..........:      0.000 (sys:      0.000 wall:      0.000)
 LinearSystemBackSolve..............:      0.007 (sys:      0.000 wall:      0.007)
 LinearSystemStructureConverter.....:      0.000 (sys:      0.000 wall:      0.000)
  LinearSystemStructureConverterInit:      0.000 (sys:      0.000 wall:      0.000)
QualityFunctionSearch...............:      0.000 (sys:      0.000 wall:      0.000)
TryCorrector........................:      0.000 (sys:      0.000 wall:      0.000)
Task1...............................:      0.000 (sys:      0.000 wall:      0.000)
Task2...............................:      0.000 (sys:      0.000 wall:      0.000)
Task3...............................:      0.000 (sys:      0.000 wall:      0.000)
Task4...............................:      0.000 (sys:      0.000 wall:      0.000)
Task5...............................:      0.000 (sys:      0.000 wall:      0.000)
Task6...............................:      0.000 (sys:      0.000 wall:      0.000)
Function Evaluations................:      0.027 (sys:      0.000 wall:      0.027)
 Objective function.................:      0.000 (sys:      0.000 wall:      0.000)
 Objective function gradient........:      0.000 (sys:      0.000 wall:      0.000)
 Equality constraints...............:      0.001 (sys:      0.000 wall:      0.001)
 Inequality constraints.............:      0.000 (sys:      0.000 wall:      0.000)
 Equality constraint Jacobian.......:      0.006 (sys:      0.000 wall:      0.006)
 Inequality constraint Jacobian.....:      0.000 (sys:      0.000 wall:      0.000)
 Lagrangian Hessian.................:      0.020 (sys:      0.000 wall:      0.020)

EXIT: Optimal Solution Found.
Total number of variables............................:     1900
                     variables with only lower bounds:        0
                variables with lower and upper bounds:      600
                     variables with only upper bounds:        0
Total number of equality constraints.................:     1300
Total number of inequality constraints...............:        0
        inequality constraints with only lower bounds:        0
   inequality constraints with lower and upper bounds:        0
        inequality constraints with only upper bounds:        0


Number of Iterations....: 21

                                   (scaled)                 (unscaled)
Objective...............:   1.4239424980444994e+02    2.8481697843522741e+06
Dual infeasibility......:   1.3397607642165379e-10    2.6797894803635572e-06
Constraint violation....:   1.3322676295501878e-15    1.3322676295501878e-15
Variable bound violation:   9.9999872165464770e-09    9.9999872165464770e-09
Complementarity.........:   2.5071909324215114e-09    5.0148833026133853e-05
Overall NLP error.......:   3.6205319180018319e-10    5.0148833026133853e-05


Number of objective function evaluations             = 22
Number of objective gradient evaluations             = 22
Number of equality constraint evaluations            = 22
Number of inequality constraint evaluations          = 0
Number of equality constraint Jacobian evaluations   = 22
Number of inequality constraint Jacobian evaluations = 0
Number of Lagrangian Hessian evaluations             = 21
Total seconds in IPOPT (w/o function evaluations)    =      0.039
Total seconds in NLP function evaluations            =      0.027


Timing Statistics:

OverallAlgorithm....................:      0.065 (sys:      0.000 wall:      0.065)
 PrintProblemStatistics.............:      0.000 (sys:      0.000 wall:      0.000)
 InitializeIterates.................:      0.003 (sys:      0.000 wall:      0.003)
 UpdateHessian......................:      0.019 (sys:      0.000 wall:      0.019)
 OutputIteration....................:      0.000 (sys:      0.000 wall:      0.000)
 UpdateBarrierParameter.............:      0.000 (sys:      0.000 wall:      0.000)
 ComputeSearchDirection.............:      0.033 (sys:      0.000 wall:      0.033)
 ComputeAcceptableTrialPoint........:      0.002 (sys:      0.000 wall:      0.002)
 AcceptTrialPoint...................:      0.000 (sys:      0.000 wall:      0.000)
 CheckConvergence...................:      0.007 (sys:      0.000 wall:      0.007)
PDSystemSolverTotal.................:      0.033 (sys:      0.000 wall:      0.033)
 PDSystemSolverSolveOnce............:      0.031 (sys:      0.000 wall:      0.031)
 ComputeResiduals...................:      0.001 (sys:      0.000 wall:      0.001)
 StdAugSystemSolverMultiSolve.......:      0.034 (sys:      0.000 wall:      0.034)
 LinearSystemScaling................:      0.000 (sys:      0.000 wall:      0.000)
 LinearSystemSymbolicFactorization..:      0.001 (sys:      0.000 wall:      0.001)
 LinearSystemFactorization..........:      0.000 (sys:      0.000 wall:      0.000)
 LinearSystemBackSolve..............:      0.007 (sys:      0.000 wall:      0.007)
 LinearSystemStructureConverter.....:      0.000 (sys:      0.000 wall:      0.000)
  LinearSystemStructureConverterInit:      0.000 (sys:      0.000 wall:      0.000)
QualityFunctionSearch...............:      0.000 (sys:      0.000 wall:      0.000)
TryCorrector........................:      0.000 (sys:      0.000 wall:      0.000)
Task1...............................:      0.000 (sys:      0.000 wall:      0.000)
Task2...............................:      0.000 (sys:      0.000 wall:      0.000)
Task3...............................:      0.000 (sys:      0.000 wall:      0.000)
Task4...............................:      0.000 (sys:      0.000 wall:      0.000)
Task5...............................:      0.000 (sys:      0.000 wall:      0.000)
Task6...............................:      0.000 (sys:      0.000 wall:      0.000)
Function Evaluations................:      0.027 (sys:      0.000 wall:      0.027)
 Objective function.................:      0.000 (sys:      0.000 wall:      0.000)
 Objective function gradient........:      0.000 (sys:      0.000 wall:      0.000)
 Equality constraints...............:      0.001 (sys:      0.000 wall:      0.001)
 Inequality constraints.............:      0.000 (sys:      0.000 wall:      0.000)
 Equality constraint Jacobian.......:      0.006 (sys:      0.000 wall:      0.006)
 Inequality constraint Jacobian.....:      0.000 (sys:      0.000 wall:      0.000)
 Lagrangian Hessian.................:      0.019 (sys:      0.000 wall:      0.019)

EXIT: Optimal Solution Found.
Total number of variables............................:     1900
                     variables with only lower bounds:        0
                variables with lower and upper bounds:      600
                     variables with only upper bounds:        0
Total number of equality constraints.................:     1300
Total number of inequality constraints...............:        0
        inequality constraints with only lower bounds:        0
   inequality constraints with lower and upper bounds:        0
        inequality constraints with only upper bounds:        0


Number of Iterations....: 17

                                   (scaled)                 (unscaled)
Objective...............:   9.9529190654256340e+01    1.9907828709926431e+06
Dual infeasibility......:   3.1766646915561071e-09    6.3539647145383264e-05
Constraint violation....:   2.5313084961453569e-14    2.5313084961453569e-14
Variable bound violation:   9.9999736550882056e-09    9.9999736550882056e-09
Complementarity.........:   2.5344175784797682e-09    5.0693420392687645e-05
Overall NLP error.......:   1.6551535969944226e-09    6.3539647145383264e-05


Number of objective function evaluations             = 18
Number of objective gradient evaluations             = 18
Number of equality constraint evaluations            = 18
Number of inequality constraint evaluations          = 0
Number of equality constraint Jacobian evaluations   = 18
Number of inequality constraint Jacobian evaluations = 0
Number of Lagrangian Hessian evaluations             = 17
Total seconds in IPOPT (w/o function evaluations)    =      0.032
Total seconds in NLP function evaluations            =      0.022


Timing Statistics:

OverallAlgorithm....................:      0.052 (sys:      0.002 wall:      0.053)
 PrintProblemStatistics.............:      0.000 (sys:      0.000 wall:      0.000)
 InitializeIterates.................:      0.003 (sys:      0.000 wall:      0.003)
 UpdateHessian......................:      0.016 (sys:      0.000 wall:      0.016)
 OutputIteration....................:      0.000 (sys:      0.000 wall:      0.000)
 UpdateBarrierParameter.............:      0.000 (sys:      0.000 wall:      0.000)
 ComputeSearchDirection.............:      0.025 (sys:      0.002 wall:      0.026)
 ComputeAcceptableTrialPoint........:      0.002 (sys:      0.000 wall:      0.002)
 AcceptTrialPoint...................:      0.000 (sys:      0.000 wall:      0.000)
 CheckConvergence...................:      0.005 (sys:      0.000 wall:      0.005)
PDSystemSolverTotal.................:      0.025 (sys:      0.002 wall:      0.026)
 PDSystemSolverSolveOnce............:      0.024 (sys:      0.001 wall:      0.025)
 ComputeResiduals...................:      0.001 (sys:      0.000 wall:      0.001)
 StdAugSystemSolverMultiSolve.......:      0.026 (sys:      0.001 wall:      0.027)
 LinearSystemScaling................:      0.000 (sys:      0.000 wall:      0.000)
 LinearSystemSymbolicFactorization..:      0.001 (sys:      0.000 wall:      0.001)
 LinearSystemFactorization..........:      0.000 (sys:      0.000 wall:      0.000)
 LinearSystemBackSolve..............:      0.005 (sys:      0.000 wall:      0.006)
 LinearSystemStructureConverter.....:      0.000 (sys:      0.000 wall:      0.000)
  LinearSystemStructureConverterInit:      0.000 (sys:      0.000 wall:      0.000)
QualityFunctionSearch...............:      0.000 (sys:      0.000 wall:      0.000)
TryCorrector........................:      0.000 (sys:      0.000 wall:      0.000)
Task1...............................:      0.000 (sys:      0.000 wall:      0.000)
Task2...............................:      0.000 (sys:      0.000 wall:      0.000)
Task3...............................:      0.000 (sys:      0.000 wall:      0.000)
Task4...............................:      0.000 (sys:      0.000 wall:      0.000)
Task5...............................:      0.000 (sys:      0.000 wall:      0.000)
Task6...............................:      0.000 (sys:      0.000 wall:      0.000)
Function Evaluations................:      0.022 (sys:      0.000 wall:      0.022)
 Objective function.................:      0.000 (sys:      0.000 wall:      0.000)
 Objective function gradient........:      0.000 (sys:      0.000 wall:      0.000)
 Equality constraints...............:      0.001 (sys:      0.000 wall:      0.001)
 Inequality constraints.............:      0.000 (sys:      0.000 wall:      0.000)
 Equality constraint Jacobian.......:      0.004 (sys:      0.000 wall:      0.005)
 Inequality constraint Jacobian.....:      0.000 (sys:      0.000 wall:      0.000)
 Lagrangian Hessian.................:      0.016 (sys:      0.000 wall:      0.016)

EXIT: Optimal Solution Found.
Total number of variables............................:     1900
                     variables with only lower bounds:        0
                variables with lower and upper bounds:      600
                     variables with only upper bounds:        0
Total number of equality constraints.................:     1300
Total number of inequality constraints...............:        0
        inequality constraints with only lower bounds:        0
   inequality constraints with lower and upper bounds:        0
        inequality constraints with only upper bounds:        0


Number of Iterations....: 22

                                   (scaled)                 (unscaled)
Objective...............:   6.2693606179996401e+01    1.2539975102880539e+06
Dual infeasibility......:   2.5982538363028389e-07    5.1970273212003188e-03
Constraint violation....:   3.2662761384472105e-13    3.2662761384472105e-13
Variable bound violation:   9.9999389512674423e-09    9.9999389512674423e-09
Complementarity.........:   3.3716926690345471e-09    6.7440596737835447e-05
Overall NLP error.......:   2.5982538363028389e-07    5.1970273212003188e-03


Number of objective function evaluations             = 23
Number of objective gradient evaluations             = 23
Number of equality constraint evaluations            = 23
Number of inequality constraint evaluations          = 0
Number of equality constraint Jacobian evaluations   = 23
Number of inequality constraint Jacobian evaluations = 0
Number of Lagrangian Hessian evaluations             = 22
Total seconds in IPOPT (w/o function evaluations)    =      0.039
Total seconds in NLP function evaluations            =      0.028


Timing Statistics:

OverallAlgorithm....................:      0.066 (sys:      0.001 wall:      0.067)
 PrintProblemStatistics.............:      0.000 (sys:      0.000 wall:      0.000)
 InitializeIterates.................:      0.002 (sys:      0.001 wall:      0.003)
 UpdateHessian......................:      0.020 (sys:      0.000 wall:      0.020)
 OutputIteration....................:      0.000 (sys:      0.000 wall:      0.000)
 UpdateBarrierParameter.............:      0.000 (sys:      0.000 wall:      0.000)
 ComputeSearchDirection.............:      0.034 (sys:      0.000 wall:      0.034)
 ComputeAcceptableTrialPoint........:      0.002 (sys:      0.000 wall:      0.002)
 AcceptTrialPoint...................:      0.000 (sys:      0.000 wall:      0.000)
 CheckConvergence...................:      0.007 (sys:      0.000 wall:      0.007)
PDSystemSolverTotal.................:      0.034 (sys:      0.000 wall:      0.034)
 PDSystemSolverSolveOnce............:      0.032 (sys:      0.000 wall:      0.032)
 ComputeResiduals...................:      0.001 (sys:      0.000 wall:      0.001)
 StdAugSystemSolverMultiSolve.......:      0.034 (sys:      0.001 wall:      0.034)
 LinearSystemScaling................:      0.000 (sys:      0.000 wall:      0.000)
 LinearSystemSymbolicFactorization..:      0.001 (sys:      0.001 wall:      0.001)
 LinearSystemFactorization..........:      0.000 (sys:      0.000 wall:      0.000)
 LinearSystemBackSolve..............:      0.007 (sys:      0.000 wall:      0.007)
 LinearSystemStructureConverter.....:      0.000 (sys:      0.000 wall:      0.000)
  LinearSystemStructureConverterInit:      0.000 (sys:      0.000 wall:      0.000)
QualityFunctionSearch...............:      0.000 (sys:      0.000 wall:      0.000)
TryCorrector........................:      0.000 (sys:      0.000 wall:      0.000)
Task1...............................:      0.000 (sys:      0.000 wall:      0.000)
Task2...............................:      0.000 (sys:      0.000 wall:      0.000)
Task3...............................:      0.000 (sys:      0.000 wall:      0.000)
Task4...............................:      0.000 (sys:      0.000 wall:      0.000)
Task5...............................:      0.000 (sys:      0.000 wall:      0.000)
Task6...............................:      0.000 (sys:      0.000 wall:      0.000)
Function Evaluations................:      0.027 (sys:      0.000 wall:      0.028)
 Objective function.................:      0.000 (sys:      0.000 wall:      0.000)
 Objective function gradient........:      0.000 (sys:      0.000 wall:      0.000)
 Equality constraints...............:      0.001 (sys:      0.000 wall:      0.001)
 Inequality constraints.............:      0.000 (sys:      0.000 wall:      0.000)
 Equality constraint Jacobian.......:      0.005 (sys:      0.000 wall:      0.006)
 Inequality constraint Jacobian.....:      0.000 (sys:      0.000 wall:      0.000)
 Lagrangian Hessian.................:      0.020 (sys:      0.000 wall:      0.020)

EXIT: Optimal Solution Found.
Total number of variables............................:     1900
                     variables with only lower bounds:        0
                variables with lower and upper bounds:      600
                     variables with only upper bounds:        0
Total number of equality constraints.................:     1300
Total number of inequality constraints...............:        0
        inequality constraints with only lower bounds:        0
   inequality constraints with lower and upper bounds:        0
        inequality constraints with only upper bounds:        0


Number of Iterations....: 19

                                   (scaled)                 (unscaled)
Objective...............:   3.5876656098478669e+01    7.1760487472771783e+05
Dual infeasibility......:   6.5173754962485344e-09    1.3036054457531365e-04
Constraint violation....:   1.9806378759312793e-13    1.9806378759312793e-13
Variable bound violation:   9.9994114806086030e-09    9.9994114806086030e-09
Complementarity.........:   2.7220994323172316e-09    5.4447432803171180e-05
Overall NLP error.......:   6.5173754962485344e-09    1.3036054457531365e-04


Number of objective function evaluations             = 20
Number of objective gradient evaluations             = 20
Number of equality constraint evaluations            = 20
Number of inequality constraint evaluations          = 0
Number of equality constraint Jacobian evaluations   = 20
Number of inequality constraint Jacobian evaluations = 0
Number of Lagrangian Hessian evaluations             = 19
Total seconds in IPOPT (w/o function evaluations)    =      0.034
Total seconds in NLP function evaluations            =      0.024


Timing Statistics:

OverallAlgorithm....................:      0.058 (sys:      0.000 wall:      0.058)
 PrintProblemStatistics.............:      0.000 (sys:      0.000 wall:      0.000)
 InitializeIterates.................:      0.003 (sys:      0.000 wall:      0.003)
 UpdateHessian......................:      0.018 (sys:      0.000 wall:      0.018)
 OutputIteration....................:      0.000 (sys:      0.000 wall:      0.000)
 UpdateBarrierParameter.............:      0.000 (sys:      0.000 wall:      0.000)
 ComputeSearchDirection.............:      0.029 (sys:      0.000 wall:      0.029)
 ComputeAcceptableTrialPoint........:      0.002 (sys:      0.000 wall:      0.002)
 AcceptTrialPoint...................:      0.000 (sys:      0.000 wall:      0.000)
 CheckConvergence...................:      0.006 (sys:      0.000 wall:      0.006)
PDSystemSolverTotal.................:      0.029 (sys:      0.000 wall:      0.029)
 PDSystemSolverSolveOnce............:      0.027 (sys:      0.000 wall:      0.027)
 ComputeResiduals...................:      0.001 (sys:      0.000 wall:      0.001)
 StdAugSystemSolverMultiSolve.......:      0.030 (sys:      0.000 wall:      0.030)
 LinearSystemScaling................:      0.000 (sys:      0.000 wall:      0.000)
 LinearSystemSymbolicFactorization..:      0.001 (sys:      0.000 wall:      0.001)
 LinearSystemFactorization..........:      0.000 (sys:      0.000 wall:      0.000)
 LinearSystemBackSolve..............:      0.006 (sys:      0.000 wall:      0.006)
 LinearSystemStructureConverter.....:      0.000 (sys:      0.000 wall:      0.000)
  LinearSystemStructureConverterInit:      0.000 (sys:      0.000 wall:      0.000)
QualityFunctionSearch...............:      0.000 (sys:      0.000 wall:      0.000)
TryCorrector........................:      0.000 (sys:      0.000 wall:      0.000)
Task1...............................:      0.000 (sys:      0.000 wall:      0.000)
Task2...............................:      0.000 (sys:      0.000 wall:      0.000)
Task3...............................:      0.000 (sys:      0.000 wall:      0.000)
Task4...............................:      0.000 (sys:      0.000 wall:      0.000)
Task5...............................:      0.000 (sys:      0.000 wall:      0.000)
Task6...............................:      0.000 (sys:      0.000 wall:      0.000)
Function Evaluations................:      0.024 (sys:      0.000 wall:      0.024)
 Objective function.................:      0.000 (sys:      0.000 wall:      0.000)
 Objective function gradient........:      0.000 (sys:      0.000 wall:      0.000)
 Equality constraints...............:      0.001 (sys:      0.000 wall:      0.001)
 Inequality constraints.............:      0.000 (sys:      0.000 wall:      0.000)
 Equality constraint Jacobian.......:      0.005 (sys:      0.000 wall:      0.005)
 Inequality constraint Jacobian.....:      0.000 (sys:      0.000 wall:      0.000)
 Lagrangian Hessian.................:      0.017 (sys:      0.000 wall:      0.017)

EXIT: Optimal Solution Found.
Total number of variables............................:     1900
                     variables with only lower bounds:        0
                variables with lower and upper bounds:      600
                     variables with only upper bounds:        0
Total number of equality constraints.................:     1300
Total number of inequality constraints...............:        0
        inequality constraints with only lower bounds:        0
   inequality constraints with lower and upper bounds:        0
        inequality constraints with only upper bounds:        0


Number of Iterations....: 22

                                   (scaled)                 (unscaled)
Objective...............:   1.8905876538443493e+01    3.7815534023340681e+05
Dual infeasibility......:   5.7303406355069578e-08    1.1461827269775742e-03
Constraint violation....:   1.8528113071569763e-12    1.8528113071569763e-12
Variable bound violation:   9.9981399855330342e-09    9.9981399855330342e-09
Complementarity.........:   4.4225290490171189e-09    8.8459425503097100e-05
Overall NLP error.......:   5.7303406355069578e-08    1.1461827269775742e-03


Number of objective function evaluations             = 23
Number of objective gradient evaluations             = 23
Number of equality constraint evaluations            = 23
Number of inequality constraint evaluations          = 0
Number of equality constraint Jacobian evaluations   = 23
Number of inequality constraint Jacobian evaluations = 0
Number of Lagrangian Hessian evaluations             = 22
Total seconds in IPOPT (w/o function evaluations)    =      0.040
Total seconds in NLP function evaluations            =      0.028


Timing Statistics:

OverallAlgorithm....................:      0.068 (sys:      0.000 wall:      0.068)
 PrintProblemStatistics.............:      0.000 (sys:      0.000 wall:      0.000)
 InitializeIterates.................:      0.003 (sys:      0.000 wall:      0.003)
 UpdateHessian......................:      0.021 (sys:      0.000 wall:      0.021)
 OutputIteration....................:      0.000 (sys:      0.000 wall:      0.000)
 UpdateBarrierParameter.............:      0.000 (sys:      0.000 wall:      0.000)
 ComputeSearchDirection.............:      0.034 (sys:      0.000 wall:      0.034)
 ComputeAcceptableTrialPoint........:      0.002 (sys:      0.000 wall:      0.002)
 AcceptTrialPoint...................:      0.000 (sys:      0.000 wall:      0.000)
 CheckConvergence...................:      0.007 (sys:      0.000 wall:      0.007)
PDSystemSolverTotal.................:      0.034 (sys:      0.000 wall:      0.034)
 PDSystemSolverSolveOnce............:      0.032 (sys:      0.000 wall:      0.032)
 ComputeResiduals...................:      0.001 (sys:      0.000 wall:      0.001)
 StdAugSystemSolverMultiSolve.......:      0.034 (sys:      0.000 wall:      0.034)
 LinearSystemScaling................:      0.000 (sys:      0.000 wall:      0.000)
 LinearSystemSymbolicFactorization..:      0.001 (sys:      0.000 wall:      0.001)
 LinearSystemFactorization..........:      0.000 (sys:      0.000 wall:      0.000)
 LinearSystemBackSolve..............:      0.007 (sys:      0.000 wall:      0.007)
 LinearSystemStructureConverter.....:      0.000 (sys:      0.000 wall:      0.000)
  LinearSystemStructureConverterInit:      0.000 (sys:      0.000 wall:      0.000)
QualityFunctionSearch...............:      0.000 (sys:      0.000 wall:      0.000)
TryCorrector........................:      0.000 (sys:      0.000 wall:      0.000)
Task1...............................:      0.000 (sys:      0.000 wall:      0.000)
Task2...............................:      0.000 (sys:      0.000 wall:      0.000)
Task3...............................:      0.000 (sys:      0.000 wall:      0.000)
Task4...............................:      0.000 (sys:      0.000 wall:      0.000)
Task5...............................:      0.000 (sys:      0.000 wall:      0.000)
Task6...............................:      0.000 (sys:      0.000 wall:      0.000)
Function Evaluations................:      0.028 (sys:      0.000 wall:      0.028)
 Objective function.................:      0.000 (sys:      0.000 wall:      0.000)
 Objective function gradient........:      0.000 (sys:      0.000 wall:      0.000)
 Equality constraints...............:      0.001 (sys:      0.000 wall:      0.001)
 Inequality constraints.............:      0.000 (sys:      0.000 wall:      0.000)
 Equality constraint Jacobian.......:      0.006 (sys:      0.000 wall:      0.006)
 Inequality constraint Jacobian.....:      0.000 (sys:      0.000 wall:      0.000)
 Lagrangian Hessian.................:      0.021 (sys:      0.000 wall:      0.021)

EXIT: Optimal Solution Found.
Total number of variables............................:     1900
                     variables with only lower bounds:        0
                variables with lower and upper bounds:      600
                     variables with only upper bounds:        0
Total number of equality constraints.................:     1300
Total number of inequality constraints...............:        0
        inequality constraints with only lower bounds:        0
   inequality constraints with lower and upper bounds:        0
        inequality constraints with only upper bounds:        0


Number of Iterations....: 19

                                   (scaled)                 (unscaled)
Objective...............:   8.3317821403101480e+00    1.6665230327103651e+05
Dual infeasibility......:   2.6216260871301253e-09    5.2437764019524275e-05
Constraint violation....:   2.0428103653102880e-14    2.0428103653102880e-14
Variable bound violation:   9.9968257736372584e-09    9.9968257736372584e-09
Complementarity.........:   2.5191056171262512e-09    5.0387149616644693e-05
Overall NLP error.......:   2.6216260871301253e-09    5.2437764019524275e-05


Number of objective function evaluations             = 20
Number of objective gradient evaluations             = 20
Number of equality constraint evaluations            = 20
Number of inequality constraint evaluations          = 0
Number of equality constraint Jacobian evaluations   = 20
Number of inequality constraint Jacobian evaluations = 0
Number of Lagrangian Hessian evaluations             = 19
Total seconds in IPOPT (w/o function evaluations)    =      0.034
Total seconds in NLP function evaluations            =      0.024


Timing Statistics:

OverallAlgorithm....................:      0.058 (sys:      0.000 wall:      0.058)
 PrintProblemStatistics.............:      0.000 (sys:      0.000 wall:      0.000)
 InitializeIterates.................:      0.003 (sys:      0.000 wall:      0.003)
 UpdateHessian......................:      0.018 (sys:      0.000 wall:      0.018)
 OutputIteration....................:      0.000 (sys:      0.000 wall:      0.000)
 UpdateBarrierParameter.............:      0.000 (sys:      0.000 wall:      0.000)
 ComputeSearchDirection.............:      0.029 (sys:      0.000 wall:      0.029)
 ComputeAcceptableTrialPoint........:      0.002 (sys:      0.000 wall:      0.002)
 AcceptTrialPoint...................:      0.000 (sys:      0.000 wall:      0.000)
 CheckConvergence...................:      0.006 (sys:      0.000 wall:      0.006)
PDSystemSolverTotal.................:      0.029 (sys:      0.000 wall:      0.029)
 PDSystemSolverSolveOnce............:      0.027 (sys:      0.000 wall:      0.027)
 ComputeResiduals...................:      0.001 (sys:      0.000 wall:      0.001)
 StdAugSystemSolverMultiSolve.......:      0.030 (sys:      0.000 wall:      0.030)
 LinearSystemScaling................:      0.000 (sys:      0.000 wall:      0.000)
 LinearSystemSymbolicFactorization..:      0.001 (sys:      0.000 wall:      0.001)
 LinearSystemFactorization..........:      0.000 (sys:      0.000 wall:      0.000)
 LinearSystemBackSolve..............:      0.006 (sys:      0.000 wall:      0.006)
 LinearSystemStructureConverter.....:      0.000 (sys:      0.000 wall:      0.000)
  LinearSystemStructureConverterInit:      0.000 (sys:      0.000 wall:      0.000)
QualityFunctionSearch...............:      0.000 (sys:      0.000 wall:      0.000)
TryCorrector........................:      0.000 (sys:      0.000 wall:      0.000)
Task1...............................:      0.000 (sys:      0.000 wall:      0.000)
Task2...............................:      0.000 (sys:      0.000 wall:      0.000)
Task3...............................:      0.000 (sys:      0.000 wall:      0.000)
Task4...............................:      0.000 (sys:      0.000 wall:      0.000)
Task5...............................:      0.000 (sys:      0.000 wall:      0.000)
Task6...............................:      0.000 (sys:      0.000 wall:      0.000)
Function Evaluations................:      0.024 (sys:      0.000 wall:      0.024)
 Objective function.................:      0.000 (sys:      0.000 wall:      0.000)
 Objective function gradient........:      0.000 (sys:      0.000 wall:      0.000)
 Equality constraints...............:      0.001 (sys:      0.000 wall:      0.001)
 Inequality constraints.............:      0.000 (sys:      0.000 wall:      0.000)
 Equality constraint Jacobian.......:      0.005 (sys:      0.000 wall:      0.005)
 Inequality constraint Jacobian.....:      0.000 (sys:      0.000 wall:      0.000)
 Lagrangian Hessian.................:      0.017 (sys:      0.000 wall:      0.017)

EXIT: Optimal Solution Found.
Total number of variables............................:     1900
                     variables with only lower bounds:        0
                variables with lower and upper bounds:      600
                     variables with only upper bounds:        0
Total number of equality constraints.................:     1300
Total number of inequality constraints...............:        0
        inequality constraints with only lower bounds:        0
   inequality constraints with lower and upper bounds:        0
        inequality constraints with only upper bounds:        0


Number of Iterations....: 18

                                   (scaled)                 (unscaled)
Objective...............:   3.2837591835111493e+00    6.5681749103911017e+04
Dual infeasibility......:   9.6810512930988824e-09    1.9364038181859418e-04
Constraint violation....:   6.4392935428259079e-13    6.4392935428259079e-13
Variable bound violation:   9.9962180765441992e-09    9.9962180765441992e-09
Complementarity.........:   2.8233655236344809e-09    5.6472955411336631e-05
Overall NLP error.......:   9.6810512930988824e-09    1.9364038181859418e-04


Number of objective function evaluations             = 20
Number of objective gradient evaluations             = 19
Number of equality constraint evaluations            = 20
Number of inequality constraint evaluations          = 0
Number of equality constraint Jacobian evaluations   = 19
Number of inequality constraint Jacobian evaluations = 0
Number of Lagrangian Hessian evaluations             = 18
Total seconds in IPOPT (w/o function evaluations)    =      0.033
Total seconds in NLP function evaluations            =      0.023


Timing Statistics:

OverallAlgorithm....................:      0.055 (sys:      0.000 wall:      0.055)
 PrintProblemStatistics.............:      0.000 (sys:      0.000 wall:      0.000)
 InitializeIterates.................:      0.003 (sys:      0.000 wall:      0.003)
 UpdateHessian......................:      0.017 (sys:      0.000 wall:      0.017)
 OutputIteration....................:      0.000 (sys:      0.000 wall:      0.000)
 UpdateBarrierParameter.............:      0.000 (sys:      0.000 wall:      0.000)
 ComputeSearchDirection.............:      0.027 (sys:      0.000 wall:      0.027)
 ComputeAcceptableTrialPoint........:      0.002 (sys:      0.000 wall:      0.002)
 AcceptTrialPoint...................:      0.000 (sys:      0.000 wall:      0.000)
 CheckConvergence...................:      0.006 (sys:      0.000 wall:      0.006)
PDSystemSolverTotal.................:      0.027 (sys:      0.000 wall:      0.027)
 PDSystemSolverSolveOnce............:      0.026 (sys:      0.000 wall:      0.026)
 ComputeResiduals...................:      0.001 (sys:      0.000 wall:      0.001)
 StdAugSystemSolverMultiSolve.......:      0.028 (sys:      0.000 wall:      0.028)
 LinearSystemScaling................:      0.000 (sys:      0.000 wall:      0.000)
 LinearSystemSymbolicFactorization..:      0.001 (sys:      0.000 wall:      0.001)
 LinearSystemFactorization..........:      0.000 (sys:      0.000 wall:      0.000)
 LinearSystemBackSolve..............:      0.006 (sys:      0.000 wall:      0.006)
 LinearSystemStructureConverter.....:      0.000 (sys:      0.000 wall:      0.000)
  LinearSystemStructureConverterInit:      0.000 (sys:      0.000 wall:      0.000)
QualityFunctionSearch...............:      0.000 (sys:      0.000 wall:      0.000)
TryCorrector........................:      0.000 (sys:      0.000 wall:      0.000)
Task1...............................:      0.000 (sys:      0.000 wall:      0.000)
Task2...............................:      0.000 (sys:      0.000 wall:      0.000)
Task3...............................:      0.000 (sys:      0.000 wall:      0.000)
Task4...............................:      0.000 (sys:      0.000 wall:      0.000)
Task5...............................:      0.000 (sys:      0.000 wall:      0.000)
Task6...............................:      0.000 (sys:      0.000 wall:      0.000)
Function Evaluations................:      0.023 (sys:      0.000 wall:      0.023)
 Objective function.................:      0.000 (sys:      0.000 wall:      0.000)
 Objective function gradient........:      0.000 (sys:      0.000 wall:      0.000)
 Equality constraints...............:      0.001 (sys:      0.000 wall:      0.001)
 Inequality constraints.............:      0.000 (sys:      0.000 wall:      0.000)
 Equality constraint Jacobian.......:      0.005 (sys:      0.000 wall:      0.005)
 Inequality constraint Jacobian.....:      0.000 (sys:      0.000 wall:      0.000)
 Lagrangian Hessian.................:      0.017 (sys:      0.000 wall:      0.017)

EXIT: Optimal Solution Found.
Total number of variables............................:     1900
                     variables with only lower bounds:        0
                variables with lower and upper bounds:      600
                     variables with only upper bounds:        0
Total number of equality constraints.................:     1300
Total number of inequality constraints...............:        0
        inequality constraints with only lower bounds:        0
   inequality constraints with lower and upper bounds:        0
        inequality constraints with only upper bounds:        0


Number of Iterations....: 17

                                   (scaled)                 (unscaled)
Objective...............:   1.1728540447817803e+00    2.3459425603357493e+04
Dual infeasibility......:   6.9549501249301093e-13    1.3911290646673513e-08
Constraint violation....:   2.2204460492503131e-16    2.2204460492503131e-16
Variable bound violation:   9.9861872289723659e-09    9.9861872289723659e-09
Complementarity.........:   2.5059242595097134e-09    5.0123494901324031e-05
Overall NLP error.......:   2.5059242595097134e-09    5.0123494901324031e-05


Number of objective function evaluations             = 19
Number of objective gradient evaluations             = 18
Number of equality constraint evaluations            = 19
Number of inequality constraint evaluations          = 0
Number of equality constraint Jacobian evaluations   = 18
Number of inequality constraint Jacobian evaluations = 0
Number of Lagrangian Hessian evaluations             = 17
Total seconds in IPOPT (w/o function evaluations)    =      0.031
Total seconds in NLP function evaluations            =      0.022


Timing Statistics:

OverallAlgorithm....................:      0.053 (sys:      0.000 wall:      0.053)
 PrintProblemStatistics.............:      0.000 (sys:      0.000 wall:      0.000)
 InitializeIterates.................:      0.003 (sys:      0.000 wall:      0.003)
 UpdateHessian......................:      0.016 (sys:      0.000 wall:      0.016)
 OutputIteration....................:      0.000 (sys:      0.000 wall:      0.000)
 UpdateBarrierParameter.............:      0.000 (sys:      0.000 wall:      0.000)
 ComputeSearchDirection.............:      0.026 (sys:      0.000 wall:      0.026)
 ComputeAcceptableTrialPoint........:      0.002 (sys:      0.000 wall:      0.002)
 AcceptTrialPoint...................:      0.000 (sys:      0.000 wall:      0.000)
 CheckConvergence...................:      0.005 (sys:      0.000 wall:      0.005)
PDSystemSolverTotal.................:      0.026 (sys:      0.000 wall:      0.026)
 PDSystemSolverSolveOnce............:      0.025 (sys:      0.000 wall:      0.025)
 ComputeResiduals...................:      0.001 (sys:      0.000 wall:      0.001)
 StdAugSystemSolverMultiSolve.......:      0.027 (sys:      0.000 wall:      0.027)
 LinearSystemScaling................:      0.000 (sys:      0.000 wall:      0.000)
 LinearSystemSymbolicFactorization..:      0.001 (sys:      0.000 wall:      0.001)
 LinearSystemFactorization..........:      0.000 (sys:      0.000 wall:      0.000)
 LinearSystemBackSolve..............:      0.006 (sys:      0.000 wall:      0.006)
 LinearSystemStructureConverter.....:      0.000 (sys:      0.000 wall:      0.000)
  LinearSystemStructureConverterInit:      0.000 (sys:      0.000 wall:      0.000)
QualityFunctionSearch...............:      0.000 (sys:      0.000 wall:      0.000)
TryCorrector........................:      0.000 (sys:      0.000 wall:      0.000)
Task1...............................:      0.000 (sys:      0.000 wall:      0.000)
Task2...............................:      0.000 (sys:      0.000 wall:      0.000)
Task3...............................:      0.000 (sys:      0.000 wall:      0.000)
Task4...............................:      0.000 (sys:      0.000 wall:      0.000)
Task5...............................:      0.000 (sys:      0.000 wall:      0.000)
Task6...............................:      0.000 (sys:      0.000 wall:      0.000)
Function Evaluations................:      0.022 (sys:      0.000 wall:      0.022)
 Objective function.................:      0.000 (sys:      0.000 wall:      0.000)
 Objective function gradient........:      0.000 (sys:      0.000 wall:      0.000)
 Equality constraints...............:      0.001 (sys:      0.000 wall:      0.001)
 Inequality constraints.............:      0.000 (sys:      0.000 wall:      0.000)
 Equality constraint Jacobian.......:      0.005 (sys:      0.000 wall:      0.005)
 Inequality constraint Jacobian.....:      0.000 (sys:      0.000 wall:      0.000)
 Lagrangian Hessian.................:      0.016 (sys:      0.000 wall:      0.016)

EXIT: Optimal Solution Found.
Total number of variables............................:     1900
                     variables with only lower bounds:        0
                variables with lower and upper bounds:      600
                     variables with only upper bounds:        0
Total number of equality constraints.................:     1300
Total number of inequality constraints...............:        0
        inequality constraints with only lower bounds:        0
   inequality constraints with lower and upper bounds:        0
        inequality constraints with only upper bounds:        0


Number of Iterations....: 11

                                   (scaled)                 (unscaled)
Objective...............:   3.8634512158289525e-01    7.7276735330603133e+03
Dual infeasibility......:   8.5741208011996806e-08    1.7149952900460310e-03
Constraint violation....:   9.2503782411768043e-13    9.2503782411768043e-13
Variable bound violation:   0.0000000000000000e+00    0.0000000000000000e+00
Complementarity.........:   3.7393069436041674e-09    7.4793602108105155e-05
Overall NLP error.......:   8.5741208011996806e-08    1.7149952900460310e-03


Number of objective function evaluations             = 12
Number of objective gradient evaluations             = 12
Number of equality constraint evaluations            = 12
Number of inequality constraint evaluations          = 0
Number of equality constraint Jacobian evaluations   = 12
Number of inequality constraint Jacobian evaluations = 0
Number of Lagrangian Hessian evaluations             = 11
Total seconds in IPOPT (w/o function evaluations)    =      0.021
Total seconds in NLP function evaluations            =      0.014


Timing Statistics:

OverallAlgorithm....................:      0.036 (sys:      0.000 wall:      0.036)
 PrintProblemStatistics.............:      0.000 (sys:      0.000 wall:      0.000)
 InitializeIterates.................:      0.003 (sys:      0.000 wall:      0.003)
 UpdateHessian......................:      0.010 (sys:      0.000 wall:      0.010)
 OutputIteration....................:      0.000 (sys:      0.000 wall:      0.000)
 UpdateBarrierParameter.............:      0.000 (sys:      0.000 wall:      0.000)
 ComputeSearchDirection.............:      0.017 (sys:      0.000 wall:      0.017)
 ComputeAcceptableTrialPoint........:      0.001 (sys:      0.000 wall:      0.001)
 AcceptTrialPoint...................:      0.000 (sys:      0.000 wall:      0.000)
 CheckConvergence...................:      0.003 (sys:      0.000 wall:      0.003)
PDSystemSolverTotal.................:      0.017 (sys:      0.000 wall:      0.017)
 PDSystemSolverSolveOnce............:      0.016 (sys:      0.000 wall:      0.016)
 ComputeResiduals...................:      0.001 (sys:      0.000 wall:      0.001)
 StdAugSystemSolverMultiSolve.......:      0.019 (sys:      0.000 wall:      0.019)
 LinearSystemScaling................:      0.000 (sys:      0.000 wall:      0.000)
 LinearSystemSymbolicFactorization..:      0.001 (sys:      0.000 wall:      0.001)
 LinearSystemFactorization..........:      0.000 (sys:      0.000 wall:      0.000)
 LinearSystemBackSolve..............:      0.004 (sys:      0.000 wall:      0.004)
 LinearSystemStructureConverter.....:      0.000 (sys:      0.000 wall:      0.000)
  LinearSystemStructureConverterInit:      0.000 (sys:      0.000 wall:      0.000)
QualityFunctionSearch...............:      0.000 (sys:      0.000 wall:      0.000)
TryCorrector........................:      0.000 (sys:      0.000 wall:      0.000)
Task1...............................:      0.000 (sys:      0.000 wall:      0.000)
Task2...............................:      0.000 (sys:      0.000 wall:      0.000)
Task3...............................:      0.000 (sys:      0.000 wall:      0.000)
Task4...............................:      0.000 (sys:      0.000 wall:      0.000)
Task5...............................:      0.000 (sys:      0.000 wall:      0.000)
Task6...............................:      0.000 (sys:      0.000 wall:      0.000)
Function Evaluations................:      0.014 (sys:      0.000 wall:      0.014)
 Objective function.................:      0.000 (sys:      0.000 wall:      0.000)
 Objective function gradient........:      0.000 (sys:      0.000 wall:      0.000)
 Equality constraints...............:      0.001 (sys:      0.000 wall:      0.001)
 Inequality constraints.............:      0.000 (sys:      0.000 wall:      0.000)
 Equality constraint Jacobian.......:      0.003 (sys:      0.000 wall:      0.003)
 Inequality constraint Jacobian.....:      0.000 (sys:      0.000 wall:      0.000)
 Lagrangian Hessian.................:      0.010 (sys:      0.000 wall:      0.010)

EXIT: Optimal Solution Found.
Total number of variables............................:     1900
                     variables with only lower bounds:        0
                variables with lower and upper bounds:      600
                     variables with only upper bounds:        0
Total number of equality constraints.................:     1300
Total number of inequality constraints...............:        0
        inequality constraints with only lower bounds:        0
   inequality constraints with lower and upper bounds:        0
        inequality constraints with only upper bounds:        0


Number of Iterations....: 5

                                   (scaled)                 (unscaled)
Objective...............:   1.6933053167537945e-01    2.4777383562203022e+03
Dual infeasibility......:   1.6540588343438856e-14    2.4203107240906288e-10
Constraint violation....:   2.2204460492503131e-16    2.2204460492503131e-16
Variable bound violation:   0.0000000000000000e+00    0.0000000000000000e+00
Complementarity.........:   2.5059096295842833e-09    3.6667861046736271e-05
Overall NLP error.......:   2.5059096295842833e-09    3.6667861046736271e-05


Number of objective function evaluations             = 6
Number of objective gradient evaluations             = 6
Number of equality constraint evaluations            = 6
Number of inequality constraint evaluations          = 0
Number of equality constraint Jacobian evaluations   = 6
Number of inequality constraint Jacobian evaluations = 0
Number of Lagrangian Hessian evaluations             = 5
Total seconds in IPOPT (w/o function evaluations)    =      0.012
Total seconds in NLP function evaluations            =      0.007


Timing Statistics:

OverallAlgorithm....................:      0.018 (sys:      0.000 wall:      0.018)
 PrintProblemStatistics.............:      0.000 (sys:      0.000 wall:      0.000)
 InitializeIterates.................:      0.003 (sys:      0.000 wall:      0.003)
 UpdateHessian......................:      0.005 (sys:      0.000 wall:      0.005)
 OutputIteration....................:      0.000 (sys:      0.000 wall:      0.000)
 UpdateBarrierParameter.............:      0.000 (sys:      0.000 wall:      0.000)
 ComputeSearchDirection.............:      0.008 (sys:      0.000 wall:      0.008)
 ComputeAcceptableTrialPoint........:      0.001 (sys:      0.000 wall:      0.001)
 AcceptTrialPoint...................:      0.000 (sys:      0.000 wall:      0.000)
 CheckConvergence...................:      0.002 (sys:      0.000 wall:      0.002)
PDSystemSolverTotal.................:      0.008 (sys:      0.000 wall:      0.008)
 PDSystemSolverSolveOnce............:      0.007 (sys:      0.000 wall:      0.007)
 ComputeResiduals...................:      0.000 (sys:      0.000 wall:      0.000)
 StdAugSystemSolverMultiSolve.......:      0.010 (sys:      0.000 wall:      0.010)
 LinearSystemScaling................:      0.000 (sys:      0.000 wall:      0.000)
 LinearSystemSymbolicFactorization..:      0.001 (sys:      0.000 wall:      0.001)
 LinearSystemFactorization..........:      0.000 (sys:      0.000 wall:      0.000)
 LinearSystemBackSolve..............:      0.002 (sys:      0.000 wall:      0.002)
 LinearSystemStructureConverter.....:      0.000 (sys:      0.000 wall:      0.000)
  LinearSystemStructureConverterInit:      0.000 (sys:      0.000 wall:      0.000)
QualityFunctionSearch...............:      0.000 (sys:      0.000 wall:      0.000)
TryCorrector........................:      0.000 (sys:      0.000 wall:      0.000)
Task1...............................:      0.000 (sys:      0.000 wall:      0.000)
Task2...............................:      0.000 (sys:      0.000 wall:      0.000)
Task3...............................:      0.000 (sys:      0.000 wall:      0.000)
Task4...............................:      0.000 (sys:      0.000 wall:      0.000)
Task5...............................:      0.000 (sys:      0.000 wall:      0.000)
Task6...............................:      0.000 (sys:      0.000 wall:      0.000)
Function Evaluations................:      0.007 (sys:      0.000 wall:      0.007)
 Objective function.................:      0.000 (sys:      0.000 wall:      0.000)
 Objective function gradient........:      0.000 (sys:      0.000 wall:      0.000)
 Equality constraints...............:      0.000 (sys:      0.000 wall:      0.000)
 Inequality constraints.............:      0.000 (sys:      0.000 wall:      0.000)
 Equality constraint Jacobian.......:      0.001 (sys:      0.000 wall:      0.001)
 Inequality constraint Jacobian.....:      0.000 (sys:      0.000 wall:      0.000)
 Lagrangian Hessian.................:      0.005 (sys:      0.000 wall:      0.005)

EXIT: Optimal Solution Found.
Total number of variables............................:     1900
                     variables with only lower bounds:        0
                variables with lower and upper bounds:      600
                     variables with only upper bounds:        0
Total number of equality constraints.................:     1300
Total number of inequality constraints...............:        0
        inequality constraints with only lower bounds:        0
   inequality constraints with lower and upper bounds:        0
        inequality constraints with only upper bounds:        0


Number of Iterations....: 4

                                   (scaled)                 (unscaled)
Objective...............:   9.2761134804327322e-02    8.1044613876074845e+02
Dual infeasibility......:   4.2804984192595930e-09    3.7398350323961216e-05
Constraint violation....:   1.7464468693645981e-13    1.7464468693645981e-13
Variable bound violation:   0.0000000000000000e+00    0.0000000000000000e+00
Complementarity.........:   3.9579018165159115e-09    3.4579851265897137e-05
Overall NLP error.......:   4.2804984192595930e-09    3.7398350323961216e-05


Number of objective function evaluations             = 5
Number of objective gradient evaluations             = 5
Number of equality constraint evaluations            = 5
Number of inequality constraint evaluations          = 0
Number of equality constraint Jacobian evaluations   = 5
Number of inequality constraint Jacobian evaluations = 0
Number of Lagrangian Hessian evaluations             = 4
Total seconds in IPOPT (w/o function evaluations)    =      0.010
Total seconds in NLP function evaluations            =      0.005


Timing Statistics:

OverallAlgorithm....................:      0.011 (sys:      0.004 wall:      0.015)
 PrintProblemStatistics.............:      0.000 (sys:      0.000 wall:      0.000)
 InitializeIterates.................:      0.003 (sys:      0.000 wall:      0.003)
 UpdateHessian......................:      0.003 (sys:      0.001 wall:      0.004)
 OutputIteration....................:      0.000 (sys:      0.000 wall:      0.000)
 UpdateBarrierParameter.............:      0.000 (sys:      0.000 wall:      0.000)
 ComputeSearchDirection.............:      0.004 (sys:      0.003 wall:      0.006)
 ComputeAcceptableTrialPoint........:      0.000 (sys:      0.000 wall:      0.000)
 AcceptTrialPoint...................:      0.000 (sys:      0.000 wall:      0.000)
 CheckConvergence...................:      0.001 (sys:      0.000 wall:      0.001)
PDSystemSolverTotal.................:      0.004 (sys:      0.003 wall:      0.006)
 PDSystemSolverSolveOnce............:      0.003 (sys:      0.003 wall:      0.006)
 ComputeResiduals...................:      0.000 (sys:      0.000 wall:      0.000)
 StdAugSystemSolverMultiSolve.......:      0.006 (sys:      0.003 wall:      0.008)
 LinearSystemScaling................:      0.000 (sys:      0.000 wall:      0.000)
 LinearSystemSymbolicFactorization..:      0.001 (sys:      0.000 wall:      0.001)
 LinearSystemFactorization..........:      0.000 (sys:      0.000 wall:      0.000)
 LinearSystemBackSolve..............:      0.001 (sys:      0.000 wall:      0.001)
 LinearSystemStructureConverter.....:      0.000 (sys:      0.000 wall:      0.000)
  LinearSystemStructureConverterInit:      0.000 (sys:      0.000 wall:      0.000)
QualityFunctionSearch...............:      0.000 (sys:      0.000 wall:      0.000)
TryCorrector........................:      0.000 (sys:      0.000 wall:      0.000)
Task1...............................:      0.000 (sys:      0.000 wall:      0.000)
Task2...............................:      0.000 (sys:      0.000 wall:      0.000)
Task3...............................:      0.000 (sys:      0.000 wall:      0.000)
Task4...............................:      0.000 (sys:      0.000 wall:      0.000)
Task5...............................:      0.000 (sys:      0.000 wall:      0.000)
Task6...............................:      0.000 (sys:      0.000 wall:      0.000)
Function Evaluations................:      0.004 (sys:      0.001 wall:      0.005)
 Objective function.................:      0.000 (sys:      0.000 wall:      0.000)
 Objective function gradient........:      0.000 (sys:      0.000 wall:      0.000)
 Equality constraints...............:      0.000 (sys:      0.000 wall:      0.000)
 Inequality constraints.............:      0.000 (sys:      0.000 wall:      0.000)
 Equality constraint Jacobian.......:      0.001 (sys:      0.000 wall:      0.001)
 Inequality constraint Jacobian.....:      0.000 (sys:      0.000 wall:      0.000)
 Lagrangian Hessian.................:      0.003 (sys:      0.001 wall:      0.004)

EXIT: Optimal Solution Found.
Total number of variables............................:     1900
                     variables with only lower bounds:        0
                variables with lower and upper bounds:      600
                     variables with only upper bounds:        0
Total number of equality constraints.................:     1300
Total number of inequality constraints...............:        0
        inequality constraints with only lower bounds:        0
   inequality constraints with lower and upper bounds:        0
        inequality constraints with only upper bounds:        0


Number of Iterations....: 4

                                   (scaled)                 (unscaled)
Objective...............:   5.6200068014974923e-02    2.8237859541658190e+02
Dual infeasibility......:   5.9187389711556904e-10    2.9738846523584133e-06
Constraint violation....:   1.2646306087559216e-14    1.2646306087559216e-14
Variable bound violation:   0.0000000000000000e+00    0.0000000000000000e+00
Complementarity.........:   2.7615773480566259e-09    1.3875611902652732e-05
Overall NLP error.......:   2.7615773480566259e-09    1.3875611902652732e-05


Number of objective function evaluations             = 5
Number of objective gradient evaluations             = 5
Number of equality constraint evaluations            = 5
Number of inequality constraint evaluations          = 0
Number of equality constraint Jacobian evaluations   = 5
Number of inequality constraint Jacobian evaluations = 0
Number of Lagrangian Hessian evaluations             = 4
Total seconds in IPOPT (w/o function evaluations)    =      0.010
Total seconds in NLP function evaluations            =      0.005


Timing Statistics:

OverallAlgorithm....................:      0.015 (sys:      0.000 wall:      0.015)
 PrintProblemStatistics.............:      0.000 (sys:      0.000 wall:      0.000)
 InitializeIterates.................:      0.003 (sys:      0.000 wall:      0.003)
 UpdateHessian......................:      0.004 (sys:      0.000 wall:      0.004)
 OutputIteration....................:      0.000 (sys:      0.000 wall:      0.000)
 UpdateBarrierParameter.............:      0.000 (sys:      0.000 wall:      0.000)
 ComputeSearchDirection.............:      0.006 (sys:      0.000 wall:      0.006)
 ComputeAcceptableTrialPoint........:      0.000 (sys:      0.000 wall:      0.000)
 AcceptTrialPoint...................:      0.000 (sys:      0.000 wall:      0.000)
 CheckConvergence...................:      0.001 (sys:      0.000 wall:      0.001)
PDSystemSolverTotal.................:      0.006 (sys:      0.000 wall:      0.006)
 PDSystemSolverSolveOnce............:      0.006 (sys:      0.000 wall:      0.006)
 ComputeResiduals...................:      0.000 (sys:      0.000 wall:      0.000)
 StdAugSystemSolverMultiSolve.......:      0.008 (sys:      0.000 wall:      0.008)
 LinearSystemScaling................:      0.000 (sys:      0.000 wall:      0.000)
 LinearSystemSymbolicFactorization..:      0.001 (sys:      0.000 wall:      0.001)
 LinearSystemFactorization..........:      0.000 (sys:      0.000 wall:      0.000)
 LinearSystemBackSolve..............:      0.001 (sys:      0.000 wall:      0.001)
 LinearSystemStructureConverter.....:      0.000 (sys:      0.000 wall:      0.000)
  LinearSystemStructureConverterInit:      0.000 (sys:      0.000 wall:      0.000)
QualityFunctionSearch...............:      0.000 (sys:      0.000 wall:      0.000)
TryCorrector........................:      0.000 (sys:      0.000 wall:      0.000)
Task1...............................:      0.000 (sys:      0.000 wall:      0.000)
Task2...............................:      0.000 (sys:      0.000 wall:      0.000)
Task3...............................:      0.000 (sys:      0.000 wall:      0.000)
Task4...............................:      0.000 (sys:      0.000 wall:      0.000)
Task5...............................:      0.000 (sys:      0.000 wall:      0.000)
Task6...............................:      0.000 (sys:      0.000 wall:      0.000)
Function Evaluations................:      0.005 (sys:      0.000 wall:      0.005)
 Objective function.................:      0.000 (sys:      0.000 wall:      0.000)
 Objective function gradient........:      0.000 (sys:      0.000 wall:      0.000)
 Equality constraints...............:      0.000 (sys:      0.000 wall:      0.000)
 Inequality constraints.............:      0.000 (sys:      0.000 wall:      0.000)
 Equality constraint Jacobian.......:      0.001 (sys:      0.000 wall:      0.001)
 Inequality constraint Jacobian.....:      0.000 (sys:      0.000 wall:      0.000)
 Lagrangian Hessian.................:      0.004 (sys:      0.000 wall:      0.004)

EXIT: Optimal Solution Found.
Total number of variables............................:     1900
                     variables with only lower bounds:        0
                variables with lower and upper bounds:      600
                     variables with only upper bounds:        0
Total number of equality constraints.................:     1300
Total number of inequality constraints...............:        0
        inequality constraints with only lower bounds:        0
   inequality constraints with lower and upper bounds:        0
        inequality constraints with only upper bounds:        0


Number of Iterations....: 4

                                   (scaled)                 (unscaled)
Objective...............:   4.0196995576820688e-02    1.1421059278060710e+02
Dual infeasibility......:   9.1114610648035388e-11    2.5888138015685502e-07
Constraint violation....:   9.2465674060657893e-16    9.2465674060657893e-16
Variable bound violation:   0.0000000000000000e+00    0.0000000000000000e+00
Complementarity.........:   3.2555466643552772e-09    9.2498931580685217e-06
Overall NLP error.......:   3.2555466643552772e-09    9.2498931580685217e-06


Number of objective function evaluations             = 5
Number of objective gradient evaluations             = 5
Number of equality constraint evaluations            = 5
Number of inequality constraint evaluations          = 0
Number of equality constraint Jacobian evaluations   = 5
Number of inequality constraint Jacobian evaluations = 0
Number of Lagrangian Hessian evaluations             = 4
Total seconds in IPOPT (w/o function evaluations)    =      0.010
Total seconds in NLP function evaluations            =      0.005


Timing Statistics:

OverallAlgorithm....................:      0.015 (sys:      0.000 wall:      0.015)
 PrintProblemStatistics.............:      0.000 (sys:      0.000 wall:      0.000)
 InitializeIterates.................:      0.003 (sys:      0.000 wall:      0.003)
 UpdateHessian......................:      0.004 (sys:      0.000 wall:      0.004)
 OutputIteration....................:      0.000 (sys:      0.000 wall:      0.000)
 UpdateBarrierParameter.............:      0.000 (sys:      0.000 wall:      0.000)
 ComputeSearchDirection.............:      0.006 (sys:      0.000 wall:      0.006)
 ComputeAcceptableTrialPoint........:      0.000 (sys:      0.000 wall:      0.000)
 AcceptTrialPoint...................:      0.000 (sys:      0.000 wall:      0.000)
 CheckConvergence...................:      0.001 (sys:      0.000 wall:      0.001)
PDSystemSolverTotal.................:      0.006 (sys:      0.000 wall:      0.006)
 PDSystemSolverSolveOnce............:      0.006 (sys:      0.000 wall:      0.006)
 ComputeResiduals...................:      0.000 (sys:      0.000 wall:      0.000)
 StdAugSystemSolverMultiSolve.......:      0.008 (sys:      0.000 wall:      0.008)
 LinearSystemScaling................:      0.000 (sys:      0.000 wall:      0.000)
 LinearSystemSymbolicFactorization..:      0.001 (sys:      0.000 wall:      0.001)
 LinearSystemFactorization..........:      0.000 (sys:      0.000 wall:      0.000)
 LinearSystemBackSolve..............:      0.001 (sys:      0.000 wall:      0.001)
 LinearSystemStructureConverter.....:      0.000 (sys:      0.000 wall:      0.000)
  LinearSystemStructureConverterInit:      0.000 (sys:      0.000 wall:      0.000)
QualityFunctionSearch...............:      0.000 (sys:      0.000 wall:      0.000)
TryCorrector........................:      0.000 (sys:      0.000 wall:      0.000)
Task1...............................:      0.000 (sys:      0.000 wall:      0.000)
Task2...............................:      0.000 (sys:      0.000 wall:      0.000)
Task3...............................:      0.000 (sys:      0.000 wall:      0.000)
Task4...............................:      0.000 (sys:      0.000 wall:      0.000)
Task5...............................:      0.000 (sys:      0.000 wall:      0.000)
Task6...............................:      0.000 (sys:      0.000 wall:      0.000)
Function Evaluations................:      0.005 (sys:      0.000 wall:      0.005)
 Objective function.................:      0.000 (sys:      0.000 wall:      0.000)
 Objective function gradient........:      0.000 (sys:      0.000 wall:      0.000)
 Equality constraints...............:      0.000 (sys:      0.000 wall:      0.000)
 Inequality constraints.............:      0.000 (sys:      0.000 wall:      0.000)
 Equality constraint Jacobian.......:      0.001 (sys:      0.000 wall:      0.001)
 Inequality constraint Jacobian.....:      0.000 (sys:      0.000 wall:      0.000)
 Lagrangian Hessian.................:      0.004 (sys:      0.000 wall:      0.004)

EXIT: Optimal Solution Found.
Total number of variables............................:     1900
                     variables with only lower bounds:        0
                variables with lower and upper bounds:      600
                     variables with only upper bounds:        0
Total number of equality constraints.................:     1300
Total number of inequality constraints...............:        0
        inequality constraints with only lower bounds:        0
   inequality constraints with lower and upper bounds:        0
        inequality constraints with only upper bounds:        0


Number of Iterations....: 4

                                   (scaled)                 (unscaled)
Objective...............:   3.6539169982340095e-02    5.8317208655344672e+01
Dual infeasibility......:   1.9985096910701827e-11    3.1896593904622721e-08
Constraint violation....:   1.1102230246251565e-16    1.1102230246251565e-16
Variable bound violation:   0.0000000000000000e+00    0.0000000000000000e+00
Complementarity.........:   5.7130925974234409e-09    9.1182041965450909e-06
Overall NLP error.......:   5.7130925974234409e-09    9.1182041965450909e-06


Number of objective function evaluations             = 5
Number of objective gradient evaluations             = 5
Number of equality constraint evaluations            = 5
Number of inequality constraint evaluations          = 0
Number of equality constraint Jacobian evaluations   = 5
Number of inequality constraint Jacobian evaluations = 0
Number of Lagrangian Hessian evaluations             = 4
Total seconds in IPOPT (w/o function evaluations)    =      0.010
Total seconds in NLP function evaluations            =      0.005


Timing Statistics:

OverallAlgorithm....................:      0.015 (sys:      0.000 wall:      0.015)
 PrintProblemStatistics.............:      0.000 (sys:      0.000 wall:      0.000)
 InitializeIterates.................:      0.003 (sys:      0.000 wall:      0.003)
 UpdateHessian......................:      0.004 (sys:      0.000 wall:      0.004)
 OutputIteration....................:      0.000 (sys:      0.000 wall:      0.000)
 UpdateBarrierParameter.............:      0.000 (sys:      0.000 wall:      0.000)
 ComputeSearchDirection.............:      0.006 (sys:      0.000 wall:      0.006)
 ComputeAcceptableTrialPoint........:      0.000 (sys:      0.000 wall:      0.000)
 AcceptTrialPoint...................:      0.000 (sys:      0.000 wall:      0.000)
 CheckConvergence...................:      0.001 (sys:      0.000 wall:      0.001)
PDSystemSolverTotal.................:      0.006 (sys:      0.000 wall:      0.006)
 PDSystemSolverSolveOnce............:      0.006 (sys:      0.000 wall:      0.006)
 ComputeResiduals...................:      0.000 (sys:      0.000 wall:      0.000)
 StdAugSystemSolverMultiSolve.......:      0.008 (sys:      0.000 wall:      0.008)
 LinearSystemScaling................:      0.000 (sys:      0.000 wall:      0.000)
 LinearSystemSymbolicFactorization..:      0.001 (sys:      0.000 wall:      0.001)
 LinearSystemFactorization..........:      0.000 (sys:      0.000 wall:      0.000)
 LinearSystemBackSolve..............:      0.001 (sys:      0.000 wall:      0.001)
 LinearSystemStructureConverter.....:      0.000 (sys:      0.000 wall:      0.000)
  LinearSystemStructureConverterInit:      0.000 (sys:      0.000 wall:      0.000)
QualityFunctionSearch...............:      0.000 (sys:      0.000 wall:      0.000)
TryCorrector........................:      0.000 (sys:      0.000 wall:      0.000)
Task1...............................:      0.000 (sys:      0.000 wall:      0.000)
Task2...............................:      0.000 (sys:      0.000 wall:      0.000)
Task3...............................:      0.000 (sys:      0.000 wall:      0.000)
Task4...............................:      0.000 (sys:      0.000 wall:      0.000)
Task5...............................:      0.000 (sys:      0.000 wall:      0.000)
Task6...............................:      0.000 (sys:      0.000 wall:      0.000)
Function Evaluations................:      0.005 (sys:      0.000 wall:      0.005)
 Objective function.................:      0.000 (sys:      0.000 wall:      0.000)
 Objective function gradient........:      0.000 (sys:      0.000 wall:      0.000)
 Equality constraints...............:      0.000 (sys:      0.000 wall:      0.000)
 Inequality constraints.............:      0.000 (sys:      0.000 wall:      0.000)
 Equality constraint Jacobian.......:      0.001 (sys:      0.000 wall:      0.001)
 Inequality constraint Jacobian.....:      0.000 (sys:      0.000 wall:      0.000)
 Lagrangian Hessian.................:      0.004 (sys:      0.000 wall:      0.004)

EXIT: Optimal Solution Found.
Total number of variables............................:     1900
                     variables with only lower bounds:        0
                variables with lower and upper bounds:      600
                     variables with only upper bounds:        0
Total number of equality constraints.................:     1300
Total number of inequality constraints...............:        0
        inequality constraints with only lower bounds:        0
   inequality constraints with lower and upper bounds:        0
        inequality constraints with only upper bounds:        0


Number of Iterations....: 4

                                   (scaled)                 (unscaled)
Objective...............:   4.2411139164693391e-02    3.7908607361924503e+01
Dual infeasibility......:   6.2802749112300660e-12    5.6135364534834463e-09
Constraint violation....:   1.1102230246251565e-16    1.1102230246251565e-16
Variable bound violation:   0.0000000000000000e+00    0.0000000000000000e+00
Complementarity.........:   1.0177428661417161e-08    9.0969531750008398e-06
Overall NLP error.......:   1.0177428661417161e-08    9.0969531750008398e-06


Number of objective function evaluations             = 5
Number of objective gradient evaluations             = 5
Number of equality constraint evaluations            = 5
Number of inequality constraint evaluations          = 0
Number of equality constraint Jacobian evaluations   = 5
Number of inequality constraint Jacobian evaluations = 0
Number of Lagrangian Hessian evaluations             = 4
Total seconds in IPOPT (w/o function evaluations)    =      0.010
Total seconds in NLP function evaluations            =      0.005


Timing Statistics:

OverallAlgorithm....................:      0.015 (sys:      0.000 wall:      0.015)
 PrintProblemStatistics.............:      0.000 (sys:      0.000 wall:      0.000)
 InitializeIterates.................:      0.003 (sys:      0.000 wall:      0.003)
 UpdateHessian......................:      0.004 (sys:      0.000 wall:      0.004)
 OutputIteration....................:      0.000 (sys:      0.000 wall:      0.000)
 UpdateBarrierParameter.............:      0.000 (sys:      0.000 wall:      0.000)
 ComputeSearchDirection.............:      0.006 (sys:      0.000 wall:      0.006)
 ComputeAcceptableTrialPoint........:      0.000 (sys:      0.000 wall:      0.000)
 AcceptTrialPoint...................:      0.000 (sys:      0.000 wall:      0.000)
 CheckConvergence...................:      0.001 (sys:      0.000 wall:      0.001)
PDSystemSolverTotal.................:      0.006 (sys:      0.000 wall:      0.006)
 PDSystemSolverSolveOnce............:      0.006 (sys:      0.000 wall:      0.006)
 ComputeResiduals...................:      0.000 (sys:      0.000 wall:      0.000)
 StdAugSystemSolverMultiSolve.......:      0.009 (sys:      0.000 wall:      0.009)
 LinearSystemScaling................:      0.000 (sys:      0.000 wall:      0.000)
 LinearSystemSymbolicFactorization..:      0.001 (sys:      0.000 wall:      0.001)
 LinearSystemFactorization..........:      0.000 (sys:      0.000 wall:      0.000)
 LinearSystemBackSolve..............:      0.001 (sys:      0.000 wall:      0.001)
 LinearSystemStructureConverter.....:      0.000 (sys:      0.000 wall:      0.000)
  LinearSystemStructureConverterInit:      0.000 (sys:      0.000 wall:      0.000)
QualityFunctionSearch...............:      0.000 (sys:      0.000 wall:      0.000)
TryCorrector........................:      0.000 (sys:      0.000 wall:      0.000)
Task1...............................:      0.000 (sys:      0.000 wall:      0.000)
Task2...............................:      0.000 (sys:      0.000 wall:      0.000)
Task3...............................:      0.000 (sys:      0.000 wall:      0.000)
Task4...............................:      0.000 (sys:      0.000 wall:      0.000)
Task5...............................:      0.000 (sys:      0.000 wall:      0.000)
Task6...............................:      0.000 (sys:      0.000 wall:      0.000)
Function Evaluations................:      0.005 (sys:      0.000 wall:      0.005)
 Objective function.................:      0.000 (sys:      0.000 wall:      0.000)
 Objective function gradient........:      0.000 (sys:      0.000 wall:      0.000)
 Equality constraints...............:      0.000 (sys:      0.000 wall:      0.000)
 Inequality constraints.............:      0.000 (sys:      0.000 wall:      0.000)
 Equality constraint Jacobian.......:      0.001 (sys:      0.000 wall:      0.001)
 Inequality constraint Jacobian.....:      0.000 (sys:      0.000 wall:      0.000)
 Lagrangian Hessian.................:      0.004 (sys:      0.000 wall:      0.004)

EXIT: Optimal Solution Found.
Total number of variables............................:     1900
                     variables with only lower bounds:        0
                variables with lower and upper bounds:      600
                     variables with only upper bounds:        0
Total number of equality constraints.................:     1300
Total number of inequality constraints...............:        0
        inequality constraints with only lower bounds:        0
   inequality constraints with lower and upper bounds:        0
        inequality constraints with only upper bounds:        0


Number of Iterations....: 4

                                   (scaled)                 (unscaled)
Objective...............:   5.7837739027851144e-02    2.8912167397997766e+01
Dual infeasibility......:   2.4501928264086814e-12    1.2248124899970356e-09
Constraint violation....:   1.1102230246251565e-16    1.1102230246251565e-16
Variable bound violation:   0.0000000000000000e+00    0.0000000000000000e+00
Complementarity.........:   1.8189092292070084e-08    9.0924384321580479e-06
Overall NLP error.......:   1.8189092292070084e-08    9.0924384321580479e-06


Number of objective function evaluations             = 5
Number of objective gradient evaluations             = 5
Number of equality constraint evaluations            = 5
Number of inequality constraint evaluations          = 0
Number of equality constraint Jacobian evaluations   = 5
Number of inequality constraint Jacobian evaluations = 0
Number of Lagrangian Hessian evaluations             = 4
Total seconds in IPOPT (w/o function evaluations)    =      0.010
Total seconds in NLP function evaluations            =      0.005


Timing Statistics:

OverallAlgorithm....................:      0.015 (sys:      0.000 wall:      0.015)
 PrintProblemStatistics.............:      0.000 (sys:      0.000 wall:      0.000)
 InitializeIterates.................:      0.003 (sys:      0.000 wall:      0.003)
 UpdateHessian......................:      0.004 (sys:      0.000 wall:      0.004)
 OutputIteration....................:      0.000 (sys:      0.000 wall:      0.000)
 UpdateBarrierParameter.............:      0.000 (sys:      0.000 wall:      0.000)
 ComputeSearchDirection.............:      0.006 (sys:      0.000 wall:      0.006)
 ComputeAcceptableTrialPoint........:      0.000 (sys:      0.000 wall:      0.000)
 AcceptTrialPoint...................:      0.000 (sys:      0.000 wall:      0.000)
 CheckConvergence...................:      0.001 (sys:      0.000 wall:      0.001)
PDSystemSolverTotal.................:      0.006 (sys:      0.000 wall:      0.006)
 PDSystemSolverSolveOnce............:      0.006 (sys:      0.000 wall:      0.006)
 ComputeResiduals...................:      0.000 (sys:      0.000 wall:      0.000)
 StdAugSystemSolverMultiSolve.......:      0.009 (sys:      0.000 wall:      0.009)
 LinearSystemScaling................:      0.000 (sys:      0.000 wall:      0.000)
 LinearSystemSymbolicFactorization..:      0.001 (sys:      0.000 wall:      0.001)
 LinearSystemFactorization..........:      0.000 (sys:      0.000 wall:      0.000)
 LinearSystemBackSolve..............:      0.001 (sys:      0.000 wall:      0.001)
 LinearSystemStructureConverter.....:      0.000 (sys:      0.000 wall:      0.000)
  LinearSystemStructureConverterInit:      0.000 (sys:      0.000 wall:      0.000)
QualityFunctionSearch...............:      0.000 (sys:      0.000 wall:      0.000)
TryCorrector........................:      0.000 (sys:      0.000 wall:      0.000)
Task1...............................:      0.000 (sys:      0.000 wall:      0.000)
Task2...............................:      0.000 (sys:      0.000 wall:      0.000)
Task3...............................:      0.000 (sys:      0.000 wall:      0.000)
Task4...............................:      0.000 (sys:      0.000 wall:      0.000)
Task5...............................:      0.000 (sys:      0.000 wall:      0.000)
Task6...............................:      0.000 (sys:      0.000 wall:      0.000)
Function Evaluations................:      0.005 (sys:      0.000 wall:      0.005)
 Objective function.................:      0.000 (sys:      0.000 wall:      0.000)
 Objective function gradient........:      0.000 (sys:      0.000 wall:      0.000)
 Equality constraints...............:      0.000 (sys:      0.000 wall:      0.000)
 Inequality constraints.............:      0.000 (sys:      0.000 wall:      0.000)
 Equality constraint Jacobian.......:      0.001 (sys:      0.000 wall:      0.001)
 Inequality constraint Jacobian.....:      0.000 (sys:      0.000 wall:      0.000)
 Lagrangian Hessian.................:      0.004 (sys:      0.000 wall:      0.004)

EXIT: Optimal Solution Found.
Total number of variables............................:     1900
                     variables with only lower bounds:        0
                variables with lower and upper bounds:      600
                     variables with only upper bounds:        0
Total number of equality constraints.................:     1300
Total number of inequality constraints...............:        0
        inequality constraints with only lower bounds:        0
   inequality constraints with lower and upper bounds:        0
        inequality constraints with only upper bounds:        0


Number of Iterations....: 4

                                   (scaled)                 (unscaled)
Objective...............:   8.5264310395900128e-02    2.3819934816769194e+01
Dual infeasibility......:   1.0569878305943803e-12    2.9528628226713548e-10
Constraint violation....:   4.3368086899420177e-19    4.3368086899420177e-19
Variable bound violation:   0.0000000000000000e+00    0.0000000000000000e+00
Complementarity.........:   3.2542699801920762e-08    9.0913183305440026e-06
Overall NLP error.......:   3.2542699801920762e-08    9.0913183305440026e-06


Number of objective function evaluations             = 5
Number of objective gradient evaluations             = 5
Number of equality constraint evaluations            = 5
Number of inequality constraint evaluations          = 0
Number of equality constraint Jacobian evaluations   = 5
Number of inequality constraint Jacobian evaluations = 0
Number of Lagrangian Hessian evaluations             = 4
Total seconds in IPOPT (w/o function evaluations)    =      0.010
Total seconds in NLP function evaluations            =      0.005


Timing Statistics:

OverallAlgorithm....................:      0.016 (sys:      0.000 wall:      0.016)
 PrintProblemStatistics.............:      0.000 (sys:      0.000 wall:      0.000)
 InitializeIterates.................:      0.003 (sys:      0.000 wall:      0.003)
 UpdateHessian......................:      0.004 (sys:      0.000 wall:      0.004)
 OutputIteration....................:      0.000 (sys:      0.000 wall:      0.000)
 UpdateBarrierParameter.............:      0.000 (sys:      0.000 wall:      0.000)
 ComputeSearchDirection.............:      0.007 (sys:      0.000 wall:      0.007)
 ComputeAcceptableTrialPoint........:      0.000 (sys:      0.000 wall:      0.000)
 AcceptTrialPoint...................:      0.000 (sys:      0.000 wall:      0.000)
 CheckConvergence...................:      0.001 (sys:      0.000 wall:      0.001)
PDSystemSolverTotal.................:      0.007 (sys:      0.000 wall:      0.007)
 PDSystemSolverSolveOnce............:      0.006 (sys:      0.000 wall:      0.006)
 ComputeResiduals...................:      0.000 (sys:      0.000 wall:      0.000)
 StdAugSystemSolverMultiSolve.......:      0.009 (sys:      0.000 wall:      0.009)
 LinearSystemScaling................:      0.000 (sys:      0.000 wall:      0.000)
 LinearSystemSymbolicFactorization..:      0.001 (sys:      0.000 wall:      0.001)
 LinearSystemFactorization..........:      0.000 (sys:      0.000 wall:      0.000)
 LinearSystemBackSolve..............:      0.002 (sys:      0.000 wall:      0.002)
 LinearSystemStructureConverter.....:      0.000 (sys:      0.000 wall:      0.000)
  LinearSystemStructureConverterInit:      0.000 (sys:      0.000 wall:      0.000)
QualityFunctionSearch...............:      0.000 (sys:      0.000 wall:      0.000)
TryCorrector........................:      0.000 (sys:      0.000 wall:      0.000)
Task1...............................:      0.000 (sys:      0.000 wall:      0.000)
Task2...............................:      0.000 (sys:      0.000 wall:      0.000)
Task3...............................:      0.000 (sys:      0.000 wall:      0.000)
Task4...............................:      0.000 (sys:      0.000 wall:      0.000)
Task5...............................:      0.000 (sys:      0.000 wall:      0.000)
Task6...............................:      0.000 (sys:      0.000 wall:      0.000)
Function Evaluations................:      0.005 (sys:      0.000 wall:      0.005)
 Objective function.................:      0.000 (sys:      0.000 wall:      0.000)
 Objective function gradient........:      0.000 (sys:      0.000 wall:      0.000)
 Equality constraints...............:      0.000 (sys:      0.000 wall:      0.000)
 Inequality constraints.............:      0.000 (sys:      0.000 wall:      0.000)
 Equality constraint Jacobian.......:      0.001 (sys:      0.000 wall:      0.001)
 Inequality constraint Jacobian.....:      0.000 (sys:      0.000 wall:      0.000)
 Lagrangian Hessian.................:      0.004 (sys:      0.000 wall:      0.004)

EXIT: Optimal Solution Found.
Total number of variables............................:     1900
                     variables with only lower bounds:        0
                variables with lower and upper bounds:      600
                     variables with only upper bounds:        0
Total number of equality constraints.................:     1300
Total number of inequality constraints...............:        0
        inequality constraints with only lower bounds:        0
   inequality constraints with lower and upper bounds:        0
        inequality constraints with only upper bounds:        0


Number of Iterations....: 4

                                   (scaled)                 (unscaled)
Objective...............:   1.2973448883853139e-01    2.0247586124031855e+01
Dual infeasibility......:   5.5028204215545884e-13    8.5882197870437221e-11
Constraint violation....:   1.1102230246251565e-16    1.1102230246251565e-16
Variable bound violation:   0.0000000000000000e+00    0.0000000000000000e+00
Complementarity.........:   5.8249850693881966e-08    9.0910202768385390e-06
Overall NLP error.......:   5.8249850693881966e-08    9.0910202768385390e-06


Number of objective function evaluations             = 5
Number of objective gradient evaluations             = 5
Number of equality constraint evaluations            = 5
Number of inequality constraint evaluations          = 0
Number of equality constraint Jacobian evaluations   = 5
Number of inequality constraint Jacobian evaluations = 0
Number of Lagrangian Hessian evaluations             = 4
Total seconds in IPOPT (w/o function evaluations)    =      0.010
Total seconds in NLP function evaluations            =      0.005


Timing Statistics:

OverallAlgorithm....................:      0.015 (sys:      0.000 wall:      0.015)
 PrintProblemStatistics.............:      0.000 (sys:      0.000 wall:      0.000)
 InitializeIterates.................:      0.003 (sys:      0.000 wall:      0.003)
 UpdateHessian......................:      0.004 (sys:      0.000 wall:      0.004)
 OutputIteration....................:      0.000 (sys:      0.000 wall:      0.000)
 UpdateBarrierParameter.............:      0.000 (sys:      0.000 wall:      0.000)
 ComputeSearchDirection.............:      0.006 (sys:      0.000 wall:      0.006)
 ComputeAcceptableTrialPoint........:      0.000 (sys:      0.000 wall:      0.000)
 AcceptTrialPoint...................:      0.000 (sys:      0.000 wall:      0.000)
 CheckConvergence...................:      0.001 (sys:      0.000 wall:      0.001)
PDSystemSolverTotal.................:      0.006 (sys:      0.000 wall:      0.006)
 PDSystemSolverSolveOnce............:      0.006 (sys:      0.000 wall:      0.006)
 ComputeResiduals...................:      0.000 (sys:      0.000 wall:      0.000)
 StdAugSystemSolverMultiSolve.......:      0.009 (sys:      0.000 wall:      0.009)
 LinearSystemScaling................:      0.000 (sys:      0.000 wall:      0.000)
 LinearSystemSymbolicFactorization..:      0.001 (sys:      0.000 wall:      0.001)
 LinearSystemFactorization..........:      0.000 (sys:      0.000 wall:      0.000)
 LinearSystemBackSolve..............:      0.001 (sys:      0.000 wall:      0.001)
 LinearSystemStructureConverter.....:      0.000 (sys:      0.000 wall:      0.000)
  LinearSystemStructureConverterInit:      0.000 (sys:      0.000 wall:      0.000)
QualityFunctionSearch...............:      0.000 (sys:      0.000 wall:      0.000)
TryCorrector........................:      0.000 (sys:      0.000 wall:      0.000)
Task1...............................:      0.000 (sys:      0.000 wall:      0.000)
Task2...............................:      0.000 (sys:      0.000 wall:      0.000)
Task3...............................:      0.000 (sys:      0.000 wall:      0.000)
Task4...............................:      0.000 (sys:      0.000 wall:      0.000)
Task5...............................:      0.000 (sys:      0.000 wall:      0.000)
Task6...............................:      0.000 (sys:      0.000 wall:      0.000)
Function Evaluations................:      0.005 (sys:      0.000 wall:      0.005)
 Objective function.................:      0.000 (sys:      0.000 wall:      0.000)
 Objective function gradient........:      0.000 (sys:      0.000 wall:      0.000)
 Equality constraints...............:      0.000 (sys:      0.000 wall:      0.000)
 Inequality constraints.............:      0.000 (sys:      0.000 wall:      0.000)
 Equality constraint Jacobian.......:      0.001 (sys:      0.000 wall:      0.001)
 Inequality constraint Jacobian.....:      0.000 (sys:      0.000 wall:      0.000)
 Lagrangian Hessian.................:      0.004 (sys:      0.000 wall:      0.004)

EXIT: Optimal Solution Found.
Total number of variables............................:     1900
                     variables with only lower bounds:        0
                variables with lower and upper bounds:      600
                     variables with only upper bounds:        0
Total number of equality constraints.................:     1300
Total number of inequality constraints...............:        0
        inequality constraints with only lower bounds:        0
   inequality constraints with lower and upper bounds:        0
        inequality constraints with only upper bounds:        0


Number of Iterations....: 4

                                   (scaled)                 (unscaled)
Objective...............:   1.9975815297371438e-01    1.7413301354420543e+01
Dual infeasibility......:   1.2190248810384219e-12    1.0626473711364325e-10
Constraint violation....:   1.1102230246251565e-16    1.1102230246251565e-16
Variable bound violation:   0.0000000000000000e+00    0.0000000000000000e+00
Complementarity.........:   1.0428747212550604e-07    9.0909389808541633e-06
Overall NLP error.......:   1.0428747212550604e-07    9.0909389808541633e-06


Number of objective function evaluations             = 5
Number of objective gradient evaluations             = 5
Number of equality constraint evaluations            = 5
Number of inequality constraint evaluations          = 0
Number of equality constraint Jacobian evaluations   = 5
Number of inequality constraint Jacobian evaluations = 0
Number of Lagrangian Hessian evaluations             = 4
Total seconds in IPOPT (w/o function evaluations)    =      0.010
Total seconds in NLP function evaluations            =      0.005


Timing Statistics:

OverallAlgorithm....................:      0.015 (sys:      0.000 wall:      0.015)
 PrintProblemStatistics.............:      0.000 (sys:      0.000 wall:      0.000)
 InitializeIterates.................:      0.003 (sys:      0.000 wall:      0.003)
 UpdateHessian......................:      0.004 (sys:      0.000 wall:      0.004)
 OutputIteration....................:      0.000 (sys:      0.000 wall:      0.000)
 UpdateBarrierParameter.............:      0.000 (sys:      0.000 wall:      0.000)
 ComputeSearchDirection.............:      0.006 (sys:      0.000 wall:      0.006)
 ComputeAcceptableTrialPoint........:      0.000 (sys:      0.000 wall:      0.000)
 AcceptTrialPoint...................:      0.000 (sys:      0.000 wall:      0.000)
 CheckConvergence...................:      0.001 (sys:      0.000 wall:      0.001)
PDSystemSolverTotal.................:      0.006 (sys:      0.000 wall:      0.006)
 PDSystemSolverSolveOnce............:      0.006 (sys:      0.000 wall:      0.006)
 ComputeResiduals...................:      0.000 (sys:      0.000 wall:      0.000)
 StdAugSystemSolverMultiSolve.......:      0.009 (sys:      0.000 wall:      0.009)
 LinearSystemScaling................:      0.000 (sys:      0.000 wall:      0.000)
 LinearSystemSymbolicFactorization..:      0.001 (sys:      0.000 wall:      0.001)
 LinearSystemFactorization..........:      0.000 (sys:      0.000 wall:      0.000)
 LinearSystemBackSolve..............:      0.002 (sys:      0.000 wall:      0.002)
 LinearSystemStructureConverter.....:      0.000 (sys:      0.000 wall:      0.000)
  LinearSystemStructureConverterInit:      0.000 (sys:      0.000 wall:      0.000)
QualityFunctionSearch...............:      0.000 (sys:      0.000 wall:      0.000)
TryCorrector........................:      0.000 (sys:      0.000 wall:      0.000)
Task1...............................:      0.000 (sys:      0.000 wall:      0.000)
Task2...............................:      0.000 (sys:      0.000 wall:      0.000)
Task3...............................:      0.000 (sys:      0.000 wall:      0.000)
Task4...............................:      0.000 (sys:      0.000 wall:      0.000)
Task5...............................:      0.000 (sys:      0.000 wall:      0.000)
Task6...............................:      0.000 (sys:      0.000 wall:      0.000)
Function Evaluations................:      0.005 (sys:      0.000 wall:      0.005)
 Objective function.................:      0.000 (sys:      0.000 wall:      0.000)
 Objective function gradient........:      0.000 (sys:      0.000 wall:      0.000)
 Equality constraints...............:      0.000 (sys:      0.000 wall:      0.000)
 Inequality constraints.............:      0.000 (sys:      0.000 wall:      0.000)
 Equality constraint Jacobian.......:      0.001 (sys:      0.000 wall:      0.001)
 Inequality constraint Jacobian.....:      0.000 (sys:      0.000 wall:      0.000)
 Lagrangian Hessian.................:      0.004 (sys:      0.000 wall:      0.004)

EXIT: Optimal Solution Found.
Total number of variables............................:     1900
                     variables with only lower bounds:        0
                variables with lower and upper bounds:      600
                     variables with only upper bounds:        0
Total number of equality constraints.................:     1300
Total number of inequality constraints...............:        0
        inequality constraints with only lower bounds:        0
   inequality constraints with lower and upper bounds:        0
        inequality constraints with only upper bounds:        0


Number of Iterations....: 3

                                   (scaled)                 (unscaled)
Objective...............:   3.0893994050013762e-01    1.5040534158413507e+01
Dual infeasibility......:   7.5519168696303041e-10    3.6766001655627036e-08
Constraint violation....:   1.1102230246251565e-16    1.1102230246251565e-16
Variable bound violation:   0.0000000000000000e+00    0.0000000000000000e+00
Complementarity.........:   1.8462144795442285e-06    8.9881715838972966e-05
Overall NLP error.......:   1.8462144795442285e-06    8.9881715838972966e-05


Number of objective function evaluations             = 4
Number of objective gradient evaluations             = 4
Number of equality constraint evaluations            = 4
Number of inequality constraint evaluations          = 0
Number of equality constraint Jacobian evaluations   = 4
Number of inequality constraint Jacobian evaluations = 0
Number of Lagrangian Hessian evaluations             = 3
Total seconds in IPOPT (w/o function evaluations)    =      0.008
Total seconds in NLP function evaluations            =      0.004


Timing Statistics:

OverallAlgorithm....................:      0.012 (sys:      0.000 wall:      0.012)
 PrintProblemStatistics.............:      0.000 (sys:      0.000 wall:      0.000)
 InitializeIterates.................:      0.003 (sys:      0.000 wall:      0.003)
 UpdateHessian......................:      0.003 (sys:      0.000 wall:      0.003)
 OutputIteration....................:      0.000 (sys:      0.000 wall:      0.000)
 UpdateBarrierParameter.............:      0.000 (sys:      0.000 wall:      0.000)
 ComputeSearchDirection.............:      0.005 (sys:      0.000 wall:      0.005)
 ComputeAcceptableTrialPoint........:      0.000 (sys:      0.000 wall:      0.000)
 AcceptTrialPoint...................:      0.000 (sys:      0.000 wall:      0.000)
 CheckConvergence...................:      0.001 (sys:      0.000 wall:      0.001)
PDSystemSolverTotal.................:      0.005 (sys:      0.000 wall:      0.005)
 PDSystemSolverSolveOnce............:      0.005 (sys:      0.000 wall:      0.005)
 ComputeResiduals...................:      0.000 (sys:      0.000 wall:      0.000)
 StdAugSystemSolverMultiSolve.......:      0.007 (sys:      0.000 wall:      0.007)
 LinearSystemScaling................:      0.000 (sys:      0.000 wall:      0.000)
 LinearSystemSymbolicFactorization..:      0.001 (sys:      0.000 wall:      0.001)
 LinearSystemFactorization..........:      0.000 (sys:      0.000 wall:      0.000)
 LinearSystemBackSolve..............:      0.001 (sys:      0.000 wall:      0.001)
 LinearSystemStructureConverter.....:      0.000 (sys:      0.000 wall:      0.000)
  LinearSystemStructureConverterInit:      0.000 (sys:      0.000 wall:      0.000)
QualityFunctionSearch...............:      0.000 (sys:      0.000 wall:      0.000)
TryCorrector........................:      0.000 (sys:      0.000 wall:      0.000)
Task1...............................:      0.000 (sys:      0.000 wall:      0.000)
Task2...............................:      0.000 (sys:      0.000 wall:      0.000)
Task3...............................:      0.000 (sys:      0.000 wall:      0.000)
Task4...............................:      0.000 (sys:      0.000 wall:      0.000)
Task5...............................:      0.000 (sys:      0.000 wall:      0.000)
Task6...............................:      0.000 (sys:      0.000 wall:      0.000)
Function Evaluations................:      0.004 (sys:      0.000 wall:      0.004)
 Objective function.................:      0.000 (sys:      0.000 wall:      0.000)
 Objective function gradient........:      0.000 (sys:      0.000 wall:      0.000)
 Equality constraints...............:      0.000 (sys:      0.000 wall:      0.000)
 Inequality constraints.............:      0.000 (sys:      0.000 wall:      0.000)
 Equality constraint Jacobian.......:      0.001 (sys:      0.000 wall:      0.001)
 Inequality constraint Jacobian.....:      0.000 (sys:      0.000 wall:      0.000)
 Lagrangian Hessian.................:      0.003 (sys:      0.000 wall:      0.003)

EXIT: Optimal Solution Found.
Total number of variables............................:     1900
                     variables with only lower bounds:        0
                variables with lower and upper bounds:      600
                     variables with only upper bounds:        0
Total number of equality constraints.................:     1300
Total number of inequality constraints...............:        0
        inequality constraints with only lower bounds:        0
   inequality constraints with lower and upper bounds:        0
        inequality constraints with only upper bounds:        0


Number of Iterations....: 3

                                   (scaled)                 (unscaled)
Objective...............:   4.7856708350287286e-01    1.3011264967756691e+01
Dual infeasibility......:   3.5537017772924173e-10    9.6617918437472207e-09
Constraint violation....:   1.1102230246251565e-16    1.1102230246251565e-16
Variable bound violation:   0.0000000000000000e+00    0.0000000000000000e+00
Complementarity.........:   1.8455742551920173e-06    5.0177407681716142e-05
Overall NLP error.......:   1.8455742551920173e-06    5.0177407681716142e-05


Number of objective function evaluations             = 4
Number of objective gradient evaluations             = 4
Number of equality constraint evaluations            = 4
Number of inequality constraint evaluations          = 0
Number of equality constraint Jacobian evaluations   = 4
Number of inequality constraint Jacobian evaluations = 0
Number of Lagrangian Hessian evaluations             = 3
Total seconds in IPOPT (w/o function evaluations)    =      0.009
Total seconds in NLP function evaluations            =      0.004


Timing Statistics:

OverallAlgorithm....................:      0.013 (sys:      0.000 wall:      0.013)
 PrintProblemStatistics.............:      0.000 (sys:      0.000 wall:      0.000)
 InitializeIterates.................:      0.003 (sys:      0.000 wall:      0.003)
 UpdateHessian......................:      0.003 (sys:      0.000 wall:      0.003)
 OutputIteration....................:      0.000 (sys:      0.000 wall:      0.000)
 UpdateBarrierParameter.............:      0.000 (sys:      0.000 wall:      0.000)
 ComputeSearchDirection.............:      0.005 (sys:      0.000 wall:      0.005)
 ComputeAcceptableTrialPoint........:      0.000 (sys:      0.000 wall:      0.000)
 AcceptTrialPoint...................:      0.000 (sys:      0.000 wall:      0.000)
 CheckConvergence...................:      0.001 (sys:      0.000 wall:      0.001)
PDSystemSolverTotal.................:      0.005 (sys:      0.000 wall:      0.005)
 PDSystemSolverSolveOnce............:      0.005 (sys:      0.000 wall:      0.005)
 ComputeResiduals...................:      0.000 (sys:      0.000 wall:      0.000)
 StdAugSystemSolverMultiSolve.......:      0.008 (sys:      0.000 wall:      0.008)
 LinearSystemScaling................:      0.000 (sys:      0.000 wall:      0.000)
 LinearSystemSymbolicFactorization..:      0.001 (sys:      0.000 wall:      0.001)
 LinearSystemFactorization..........:      0.000 (sys:      0.000 wall:      0.000)
 LinearSystemBackSolve..............:      0.001 (sys:      0.000 wall:      0.001)
 LinearSystemStructureConverter.....:      0.000 (sys:      0.000 wall:      0.000)
  LinearSystemStructureConverterInit:      0.000 (sys:      0.000 wall:      0.000)
QualityFunctionSearch...............:      0.000 (sys:      0.000 wall:      0.000)
TryCorrector........................:      0.000 (sys:      0.000 wall:      0.000)
Task1...............................:      0.000 (sys:      0.000 wall:      0.000)
Task2...............................:      0.000 (sys:      0.000 wall:      0.000)
Task3...............................:      0.000 (sys:      0.000 wall:      0.000)
Task4...............................:      0.000 (sys:      0.000 wall:      0.000)
Task5...............................:      0.000 (sys:      0.000 wall:      0.000)
Task6...............................:      0.000 (sys:      0.000 wall:      0.000)
Function Evaluations................:      0.004 (sys:      0.000 wall:      0.004)
 Objective function.................:      0.000 (sys:      0.000 wall:      0.000)
 Objective function gradient........:      0.000 (sys:      0.000 wall:      0.000)
 Equality constraints...............:      0.000 (sys:      0.000 wall:      0.000)
 Inequality constraints.............:      0.000 (sys:      0.000 wall:      0.000)
 Equality constraint Jacobian.......:      0.001 (sys:      0.000 wall:      0.001)
 Inequality constraint Jacobian.....:      0.000 (sys:      0.000 wall:      0.000)
 Lagrangian Hessian.................:      0.003 (sys:      0.000 wall:      0.003)

EXIT: Optimal Solution Found.
Total number of variables............................:     1900
                     variables with only lower bounds:        0
                variables with lower and upper bounds:      600
                     variables with only upper bounds:        0
Total number of equality constraints.................:     1300
Total number of inequality constraints...............:        0
        inequality constraints with only lower bounds:        0
   inequality constraints with lower and upper bounds:        0
        inequality constraints with only upper bounds:        0


Number of Iterations....: 3

                                   (scaled)                 (unscaled)
Objective...............:   7.4182158114716612e-01    1.1262909403610958e+01
Dual infeasibility......:   1.6920465029102161e-10    2.5689959625472017e-09
Constraint violation....:   1.1102230246251565e-16    1.1102230246251565e-16
Variable bound violation:   0.0000000000000000e+00    0.0000000000000000e+00
Complementarity.........:   1.8452517668154929e-06    2.8016040520628828e-05
Overall NLP error.......:   1.8452517668154929e-06    2.8016040520628828e-05


Number of objective function evaluations             = 4
Number of objective gradient evaluations             = 4
Number of equality constraint evaluations            = 4
Number of inequality constraint evaluations          = 0
Number of equality constraint Jacobian evaluations   = 4
Number of inequality constraint Jacobian evaluations = 0
Number of Lagrangian Hessian evaluations             = 3
Total seconds in IPOPT (w/o function evaluations)    =      0.009
Total seconds in NLP function evaluations            =      0.004


Timing Statistics:

OverallAlgorithm....................:      0.013 (sys:      0.000 wall:      0.013)
 PrintProblemStatistics.............:      0.000 (sys:      0.000 wall:      0.000)
 InitializeIterates.................:      0.003 (sys:      0.000 wall:      0.003)
 UpdateHessian......................:      0.003 (sys:      0.000 wall:      0.003)
 OutputIteration....................:      0.000 (sys:      0.000 wall:      0.000)
 UpdateBarrierParameter.............:      0.000 (sys:      0.000 wall:      0.000)
 ComputeSearchDirection.............:      0.006 (sys:      0.000 wall:      0.006)
 ComputeAcceptableTrialPoint........:      0.000 (sys:      0.000 wall:      0.000)
 AcceptTrialPoint...................:      0.000 (sys:      0.000 wall:      0.000)
 CheckConvergence...................:      0.001 (sys:      0.000 wall:      0.001)
PDSystemSolverTotal.................:      0.006 (sys:      0.000 wall:      0.006)
 PDSystemSolverSolveOnce............:      0.005 (sys:      0.000 wall:      0.005)
 ComputeResiduals...................:      0.000 (sys:      0.000 wall:      0.000)
 StdAugSystemSolverMultiSolve.......:      0.008 (sys:      0.000 wall:      0.008)
 LinearSystemScaling................:      0.000 (sys:      0.000 wall:      0.000)
 LinearSystemSymbolicFactorization..:      0.001 (sys:      0.000 wall:      0.001)
 LinearSystemFactorization..........:      0.000 (sys:      0.000 wall:      0.000)
 LinearSystemBackSolve..............:      0.001 (sys:      0.000 wall:      0.001)
 LinearSystemStructureConverter.....:      0.000 (sys:      0.000 wall:      0.000)
  LinearSystemStructureConverterInit:      0.000 (sys:      0.000 wall:      0.000)
QualityFunctionSearch...............:      0.000 (sys:      0.000 wall:      0.000)
TryCorrector........................:      0.000 (sys:      0.000 wall:      0.000)
Task1...............................:      0.000 (sys:      0.000 wall:      0.000)
Task2...............................:      0.000 (sys:      0.000 wall:      0.000)
Task3...............................:      0.000 (sys:      0.000 wall:      0.000)
Task4...............................:      0.000 (sys:      0.000 wall:      0.000)
Task5...............................:      0.000 (sys:      0.000 wall:      0.000)
Task6...............................:      0.000 (sys:      0.000 wall:      0.000)
Function Evaluations................:      0.004 (sys:      0.000 wall:      0.004)
 Objective function.................:      0.000 (sys:      0.000 wall:      0.000)
 Objective function gradient........:      0.000 (sys:      0.000 wall:      0.000)
 Equality constraints...............:      0.000 (sys:      0.000 wall:      0.000)
 Inequality constraints.............:      0.000 (sys:      0.000 wall:      0.000)
 Equality constraint Jacobian.......:      0.001 (sys:      0.000 wall:      0.001)
 Inequality constraint Jacobian.....:      0.000 (sys:      0.000 wall:      0.000)
 Lagrangian Hessian.................:      0.003 (sys:      0.000 wall:      0.003)

EXIT: Optimal Solution Found.
Total number of variables............................:     1900
                     variables with only lower bounds:        0
                variables with lower and upper bounds:      600
                     variables with only upper bounds:        0
Total number of equality constraints.................:     1300
Total number of inequality constraints...............:        0
        inequality constraints with only lower bounds:        0
   inequality constraints with lower and upper bounds:        0
        inequality constraints with only upper bounds:        0


Number of Iterations....: 3

                                   (scaled)                 (unscaled)
Objective...............:   1.1502227154703573e+00    9.7521695775871393e+00
Dual infeasibility......:   8.1106676930176036e-11    6.8766340349503871e-10
Constraint violation....:   9.7578195523695399e-19    9.7578195523695399e-19
Variable bound violation:   0.0000000000000000e+00    0.0000000000000000e+00
Complementarity.........:   1.8450876178263914e-06    1.5643585448746057e-05
Overall NLP error.......:   1.8450876178263914e-06    1.5643585448746057e-05


Number of objective function evaluations             = 4
Number of objective gradient evaluations             = 4
Number of equality constraint evaluations            = 4
Number of inequality constraint evaluations          = 0
Number of equality constraint Jacobian evaluations   = 4
Number of inequality constraint Jacobian evaluations = 0
Number of Lagrangian Hessian evaluations             = 3
Total seconds in IPOPT (w/o function evaluations)    =      0.009
Total seconds in NLP function evaluations            =      0.004


Timing Statistics:

OverallAlgorithm....................:      0.013 (sys:      0.000 wall:      0.013)
 PrintProblemStatistics.............:      0.000 (sys:      0.000 wall:      0.000)
 InitializeIterates.................:      0.003 (sys:      0.000 wall:      0.003)
 UpdateHessian......................:      0.003 (sys:      0.000 wall:      0.003)
 OutputIteration....................:      0.000 (sys:      0.000 wall:      0.000)
 UpdateBarrierParameter.............:      0.000 (sys:      0.000 wall:      0.000)
 ComputeSearchDirection.............:      0.006 (sys:      0.000 wall:      0.006)
 ComputeAcceptableTrialPoint........:      0.000 (sys:      0.000 wall:      0.000)
 AcceptTrialPoint...................:      0.000 (sys:      0.000 wall:      0.000)
 CheckConvergence...................:      0.001 (sys:      0.000 wall:      0.001)
PDSystemSolverTotal.................:      0.006 (sys:      0.000 wall:      0.006)
 PDSystemSolverSolveOnce............:      0.005 (sys:      0.000 wall:      0.005)
 ComputeResiduals...................:      0.000 (sys:      0.000 wall:      0.000)
 StdAugSystemSolverMultiSolve.......:      0.008 (sys:      0.000 wall:      0.008)
 LinearSystemScaling................:      0.000 (sys:      0.000 wall:      0.000)
 LinearSystemSymbolicFactorization..:      0.001 (sys:      0.000 wall:      0.001)
 LinearSystemFactorization..........:      0.000 (sys:      0.000 wall:      0.000)
 LinearSystemBackSolve..............:      0.001 (sys:      0.000 wall:      0.001)
 LinearSystemStructureConverter.....:      0.000 (sys:      0.000 wall:      0.000)
  LinearSystemStructureConverterInit:      0.000 (sys:      0.000 wall:      0.000)
QualityFunctionSearch...............:      0.000 (sys:      0.000 wall:      0.000)
TryCorrector........................:      0.000 (sys:      0.000 wall:      0.000)
Task1...............................:      0.000 (sys:      0.000 wall:      0.000)
Task2...............................:      0.000 (sys:      0.000 wall:      0.000)
Task3...............................:      0.000 (sys:      0.000 wall:      0.000)
Task4...............................:      0.000 (sys:      0.000 wall:      0.000)
Task5...............................:      0.000 (sys:      0.000 wall:      0.000)
Task6...............................:      0.000 (sys:      0.000 wall:      0.000)
Function Evaluations................:      0.004 (sys:      0.000 wall:      0.004)
 Objective function.................:      0.000 (sys:      0.000 wall:      0.000)
 Objective function gradient........:      0.000 (sys:      0.000 wall:      0.000)
 Equality constraints...............:      0.000 (sys:      0.000 wall:      0.000)
 Inequality constraints.............:      0.000 (sys:      0.000 wall:      0.000)
 Equality constraint Jacobian.......:      0.001 (sys:      0.000 wall:      0.001)
 Inequality constraint Jacobian.....:      0.000 (sys:      0.000 wall:      0.000)
 Lagrangian Hessian.................:      0.003 (sys:      0.000 wall:      0.003)

EXIT: Optimal Solution Found.
Total number of variables............................:     1900
                     variables with only lower bounds:        0
                variables with lower and upper bounds:      600
                     variables with only upper bounds:        0
Total number of equality constraints.................:     1300
Total number of inequality constraints...............:        0
        inequality constraints with only lower bounds:        0
   inequality constraints with lower and upper bounds:        0
        inequality constraints with only upper bounds:        0


Number of Iterations....: 4

                                   (scaled)                 (unscaled)
Objective...............:   1.7838095568447498e+00    8.4456708182837250e+00
Dual infeasibility......:   3.9007019836390100e-11    1.8468364398895661e-10
Constraint violation....:   9.2157184661267877e-19    9.2157184661267877e-19
Variable bound violation:   0.0000000000000000e+00    0.0000000000000000e+00
Complementarity.........:   1.8450036516280973e-06    8.7354019605908552e-06
Overall NLP error.......:   1.8450036516280973e-06    8.7354019605908552e-06


Number of objective function evaluations             = 5
Number of objective gradient evaluations             = 5
Number of equality constraint evaluations            = 5
Number of inequality constraint evaluations          = 0
Number of equality constraint Jacobian evaluations   = 5
Number of inequality constraint Jacobian evaluations = 0
Number of Lagrangian Hessian evaluations             = 4
Total seconds in IPOPT (w/o function evaluations)    =      0.012
Total seconds in NLP function evaluations            =      0.005


Timing Statistics:

OverallAlgorithm....................:      0.017 (sys:      0.000 wall:      0.017)
 PrintProblemStatistics.............:      0.000 (sys:      0.000 wall:      0.000)
 InitializeIterates.................:      0.003 (sys:      0.000 wall:      0.003)
 UpdateHessian......................:      0.004 (sys:      0.000 wall:      0.004)
 OutputIteration....................:      0.000 (sys:      0.000 wall:      0.000)
 UpdateBarrierParameter.............:      0.000 (sys:      0.000 wall:      0.000)
 ComputeSearchDirection.............:      0.008 (sys:      0.000 wall:      0.008)
 ComputeAcceptableTrialPoint........:      0.000 (sys:      0.000 wall:      0.000)
 AcceptTrialPoint...................:      0.000 (sys:      0.000 wall:      0.000)
 CheckConvergence...................:      0.001 (sys:      0.000 wall:      0.001)
PDSystemSolverTotal.................:      0.008 (sys:      0.000 wall:      0.008)
 PDSystemSolverSolveOnce............:      0.008 (sys:      0.000 wall:      0.008)
 ComputeResiduals...................:      0.000 (sys:      0.000 wall:      0.000)
 StdAugSystemSolverMultiSolve.......:      0.011 (sys:      0.000 wall:      0.011)
 LinearSystemScaling................:      0.000 (sys:      0.000 wall:      0.000)
 LinearSystemSymbolicFactorization..:      0.001 (sys:      0.000 wall:      0.001)
 LinearSystemFactorization..........:      0.000 (sys:      0.000 wall:      0.000)
 LinearSystemBackSolve..............:      0.002 (sys:      0.000 wall:      0.002)
 LinearSystemStructureConverter.....:      0.000 (sys:      0.000 wall:      0.000)
  LinearSystemStructureConverterInit:      0.000 (sys:      0.000 wall:      0.000)
QualityFunctionSearch...............:      0.000 (sys:      0.000 wall:      0.000)
TryCorrector........................:      0.000 (sys:      0.000 wall:      0.000)
Task1...............................:      0.000 (sys:      0.000 wall:      0.000)
Task2...............................:      0.000 (sys:      0.000 wall:      0.000)
Task3...............................:      0.000 (sys:      0.000 wall:      0.000)
Task4...............................:      0.000 (sys:      0.000 wall:      0.000)
Task5...............................:      0.000 (sys:      0.000 wall:      0.000)
Task6...............................:      0.000 (sys:      0.000 wall:      0.000)
Function Evaluations................:      0.005 (sys:      0.000 wall:      0.005)
 Objective function.................:      0.000 (sys:      0.000 wall:      0.000)
 Objective function gradient........:      0.000 (sys:      0.000 wall:      0.000)
 Equality constraints...............:      0.000 (sys:      0.000 wall:      0.000)
 Inequality constraints.............:      0.000 (sys:      0.000 wall:      0.000)
 Equality constraint Jacobian.......:      0.001 (sys:      0.000 wall:      0.001)
 Inequality constraint Jacobian.....:      0.000 (sys:      0.000 wall:      0.000)
 Lagrangian Hessian.................:      0.004 (sys:      0.000 wall:      0.004)

EXIT: Optimal Solution Found.
Total number of variables............................:     1900
                     variables with only lower bounds:        0
                variables with lower and upper bounds:      600
                     variables with only upper bounds:        0
Total number of equality constraints.................:     1300
Total number of inequality constraints...............:        0
        inequality constraints with only lower bounds:        0
   inequality constraints with lower and upper bounds:        0
        inequality constraints with only upper bounds:        0


Number of Iterations....: 4

                                   (scaled)                 (unscaled)
Objective...............:   2.7668231588119352e+00    7.3153470987269520e+00
Dual infeasibility......:   1.8303580873180181e-11    4.8393785779365716e-11
Constraint violation....:   4.3368086899420177e-19    4.3368086899420177e-19
Variable bound violation:   0.0000000000000000e+00    0.0000000000000000e+00
Complementarity.........:   1.8449604170019164e-06    4.8779864339347228e-06
Overall NLP error.......:   1.8449604170019164e-06    4.8779864339347228e-06


Number of objective function evaluations             = 5
Number of objective gradient evaluations             = 5
Number of equality constraint evaluations            = 5
Number of inequality constraint evaluations          = 0
Number of equality constraint Jacobian evaluations   = 5
Number of inequality constraint Jacobian evaluations = 0
Number of Lagrangian Hessian evaluations             = 4
Total seconds in IPOPT (w/o function evaluations)    =      0.012
Total seconds in NLP function evaluations            =      0.005


Timing Statistics:

OverallAlgorithm....................:      0.017 (sys:      0.000 wall:      0.017)
 PrintProblemStatistics.............:      0.000 (sys:      0.000 wall:      0.000)
 InitializeIterates.................:      0.003 (sys:      0.000 wall:      0.003)
 UpdateHessian......................:      0.004 (sys:      0.000 wall:      0.004)
 OutputIteration....................:      0.000 (sys:      0.000 wall:      0.000)
 UpdateBarrierParameter.............:      0.000 (sys:      0.000 wall:      0.000)
 ComputeSearchDirection.............:      0.008 (sys:      0.000 wall:      0.008)
 ComputeAcceptableTrialPoint........:      0.000 (sys:      0.000 wall:      0.000)
 AcceptTrialPoint...................:      0.000 (sys:      0.000 wall:      0.000)
 CheckConvergence...................:      0.001 (sys:      0.000 wall:      0.001)
PDSystemSolverTotal.................:      0.008 (sys:      0.000 wall:      0.008)
 PDSystemSolverSolveOnce............:      0.008 (sys:      0.000 wall:      0.008)
 ComputeResiduals...................:      0.000 (sys:      0.000 wall:      0.000)
 StdAugSystemSolverMultiSolve.......:      0.010 (sys:      0.000 wall:      0.010)
 LinearSystemScaling................:      0.000 (sys:      0.000 wall:      0.000)
 LinearSystemSymbolicFactorization..:      0.001 (sys:      0.000 wall:      0.001)
 LinearSystemFactorization..........:      0.000 (sys:      0.000 wall:      0.000)
 LinearSystemBackSolve..............:      0.002 (sys:      0.000 wall:      0.002)
 LinearSystemStructureConverter.....:      0.000 (sys:      0.000 wall:      0.000)
  LinearSystemStructureConverterInit:      0.000 (sys:      0.000 wall:      0.000)
QualityFunctionSearch...............:      0.000 (sys:      0.000 wall:      0.000)
TryCorrector........................:      0.000 (sys:      0.000 wall:      0.000)
Task1...............................:      0.000 (sys:      0.000 wall:      0.000)
Task2...............................:      0.000 (sys:      0.000 wall:      0.000)
Task3...............................:      0.000 (sys:      0.000 wall:      0.000)
Task4...............................:      0.000 (sys:      0.000 wall:      0.000)
Task5...............................:      0.000 (sys:      0.000 wall:      0.000)
Task6...............................:      0.000 (sys:      0.000 wall:      0.000)
Function Evaluations................:      0.005 (sys:      0.000 wall:      0.005)
 Objective function.................:      0.000 (sys:      0.000 wall:      0.000)
 Objective function gradient........:      0.000 (sys:      0.000 wall:      0.000)
 Equality constraints...............:      0.000 (sys:      0.000 wall:      0.000)
 Inequality constraints.............:      0.000 (sys:      0.000 wall:      0.000)
 Equality constraint Jacobian.......:      0.001 (sys:      0.000 wall:      0.001)
 Inequality constraint Jacobian.....:      0.000 (sys:      0.000 wall:      0.000)
 Lagrangian Hessian.................:      0.004 (sys:      0.000 wall:      0.004)

EXIT: Optimal Solution Found.
Total number of variables............................:     1900
                     variables with only lower bounds:        0
                variables with lower and upper bounds:      600
                     variables with only upper bounds:        0
Total number of equality constraints.................:     1300
Total number of inequality constraints...............:        0
        inequality constraints with only lower bounds:        0
   inequality constraints with lower and upper bounds:        0
        inequality constraints with only upper bounds:        0


Number of Iterations....: 4

                                   (scaled)                 (unscaled)
Objective...............:   4.2922405341225867e+00    6.3373867344490922e+00
Dual infeasibility......:   8.9173113337892573e-12    1.3166189104371984e-11
Constraint violation....:   3.7947076036992655e-19    3.7947076036992655e-19
Variable bound violation:   0.0000000000000000e+00    0.0000000000000000e+00
Complementarity.........:   1.8449381690126028e-06    2.7240054664292816e-06
Overall NLP error.......:   1.8449381690126028e-06    2.7240054664292816e-06


Number of objective function evaluations             = 5
Number of objective gradient evaluations             = 5
Number of equality constraint evaluations            = 5
Number of inequality constraint evaluations          = 0
Number of equality constraint Jacobian evaluations   = 5
Number of inequality constraint Jacobian evaluations = 0
Number of Lagrangian Hessian evaluations             = 4
Total seconds in IPOPT (w/o function evaluations)    =      0.013
Total seconds in NLP function evaluations            =      0.005


Timing Statistics:

OverallAlgorithm....................:      0.018 (sys:      0.000 wall:      0.018)
 PrintProblemStatistics.............:      0.000 (sys:      0.000 wall:      0.000)
 InitializeIterates.................:      0.003 (sys:      0.000 wall:      0.003)
 UpdateHessian......................:      0.004 (sys:      0.000 wall:      0.004)
 OutputIteration....................:      0.000 (sys:      0.000 wall:      0.000)
 UpdateBarrierParameter.............:      0.000 (sys:      0.000 wall:      0.000)
 ComputeSearchDirection.............:      0.009 (sys:      0.000 wall:      0.009)
 ComputeAcceptableTrialPoint........:      0.000 (sys:      0.000 wall:      0.000)
 AcceptTrialPoint...................:      0.000 (sys:      0.000 wall:      0.000)
 CheckConvergence...................:      0.001 (sys:      0.000 wall:      0.001)
PDSystemSolverTotal.................:      0.009 (sys:      0.000 wall:      0.009)
 PDSystemSolverSolveOnce............:      0.009 (sys:      0.000 wall:      0.009)
 ComputeResiduals...................:      0.000 (sys:      0.000 wall:      0.000)
 StdAugSystemSolverMultiSolve.......:      0.012 (sys:      0.000 wall:      0.012)
 LinearSystemScaling................:      0.000 (sys:      0.000 wall:      0.000)
 LinearSystemSymbolicFactorization..:      0.001 (sys:      0.000 wall:      0.001)
 LinearSystemFactorization..........:      0.000 (sys:      0.000 wall:      0.000)
 LinearSystemBackSolve..............:      0.002 (sys:      0.000 wall:      0.002)
 LinearSystemStructureConverter.....:      0.000 (sys:      0.000 wall:      0.000)
  LinearSystemStructureConverterInit:      0.000 (sys:      0.000 wall:      0.000)
QualityFunctionSearch...............:      0.000 (sys:      0.000 wall:      0.000)
TryCorrector........................:      0.000 (sys:      0.000 wall:      0.000)
Task1...............................:      0.000 (sys:      0.000 wall:      0.000)
Task2...............................:      0.000 (sys:      0.000 wall:      0.000)
Task3...............................:      0.000 (sys:      0.000 wall:      0.000)
Task4...............................:      0.000 (sys:      0.000 wall:      0.000)
Task5...............................:      0.000 (sys:      0.000 wall:      0.000)
Task6...............................:      0.000 (sys:      0.000 wall:      0.000)
Function Evaluations................:      0.005 (sys:      0.000 wall:      0.005)
 Objective function.................:      0.000 (sys:      0.000 wall:      0.000)
 Objective function gradient........:      0.000 (sys:      0.000 wall:      0.000)
 Equality constraints...............:      0.000 (sys:      0.000 wall:      0.000)
 Inequality constraints.............:      0.000 (sys:      0.000 wall:      0.000)
 Equality constraint Jacobian.......:      0.001 (sys:      0.000 wall:      0.001)
 Inequality constraint Jacobian.....:      0.000 (sys:      0.000 wall:      0.000)
 Lagrangian Hessian.................:      0.004 (sys:      0.000 wall:      0.004)

EXIT: Optimal Solution Found.
Total number of variables............................:     1900
                     variables with only lower bounds:        0
                variables with lower and upper bounds:      600
                     variables with only upper bounds:        0
Total number of equality constraints.................:     1300
Total number of inequality constraints...............:        0
        inequality constraints with only lower bounds:        0
   inequality constraints with lower and upper bounds:        0
        inequality constraints with only upper bounds:        0


Number of Iterations....: 4

                                   (scaled)                 (unscaled)
Objective...............:   4.7466050917875773e+00    5.4912005651151654e+00
Dual infeasibility......:   5.4711790653527714e-12    6.3294377759572661e-12
Constraint violation....:   5.4210108624275222e-19    5.4210108624275222e-19
Variable bound violation:   0.0000000000000000e+00    0.0000000000000000e+00
Complementarity.........:   1.8449316394467684e-06    2.1343443293096115e-06
Overall NLP error.......:   1.8449316394467684e-06    2.1343443293096115e-06


Number of objective function evaluations             = 5
Number of objective gradient evaluations             = 5
Number of equality constraint evaluations            = 5
Number of inequality constraint evaluations          = 0
Number of equality constraint Jacobian evaluations   = 5
Number of inequality constraint Jacobian evaluations = 0
Number of Lagrangian Hessian evaluations             = 4
Total seconds in IPOPT (w/o function evaluations)    =      0.012
Total seconds in NLP function evaluations            =      0.005


Timing Statistics:

OverallAlgorithm....................:      0.017 (sys:      0.000 wall:      0.017)
 PrintProblemStatistics.............:      0.000 (sys:      0.000 wall:      0.000)
 InitializeIterates.................:      0.003 (sys:      0.000 wall:      0.003)
 UpdateHessian......................:      0.004 (sys:      0.000 wall:      0.004)
 OutputIteration....................:      0.000 (sys:      0.000 wall:      0.000)
 UpdateBarrierParameter.............:      0.000 (sys:      0.000 wall:      0.000)
 ComputeSearchDirection.............:      0.008 (sys:      0.000 wall:      0.008)
 ComputeAcceptableTrialPoint........:      0.000 (sys:      0.000 wall:      0.000)
 AcceptTrialPoint...................:      0.000 (sys:      0.000 wall:      0.000)
 CheckConvergence...................:      0.001 (sys:      0.000 wall:      0.001)
PDSystemSolverTotal.................:      0.008 (sys:      0.000 wall:      0.008)
 PDSystemSolverSolveOnce............:      0.008 (sys:      0.000 wall:      0.008)
 ComputeResiduals...................:      0.000 (sys:      0.000 wall:      0.000)
 StdAugSystemSolverMultiSolve.......:      0.011 (sys:      0.000 wall:      0.011)
 LinearSystemScaling................:      0.000 (sys:      0.000 wall:      0.000)
 LinearSystemSymbolicFactorization..:      0.001 (sys:      0.000 wall:      0.001)
 LinearSystemFactorization..........:      0.000 (sys:      0.000 wall:      0.000)
 LinearSystemBackSolve..............:      0.002 (sys:      0.000 wall:      0.002)
 LinearSystemStructureConverter.....:      0.000 (sys:      0.000 wall:      0.000)
  LinearSystemStructureConverterInit:      0.000 (sys:      0.000 wall:      0.000)
QualityFunctionSearch...............:      0.000 (sys:      0.000 wall:      0.000)
TryCorrector........................:      0.000 (sys:      0.000 wall:      0.000)
Task1...............................:      0.000 (sys:      0.000 wall:      0.000)
Task2...............................:      0.000 (sys:      0.000 wall:      0.000)
Task3...............................:      0.000 (sys:      0.000 wall:      0.000)
Task4...............................:      0.000 (sys:      0.000 wall:      0.000)
Task5...............................:      0.000 (sys:      0.000 wall:      0.000)
Task6...............................:      0.000 (sys:      0.000 wall:      0.000)
Function Evaluations................:      0.005 (sys:      0.000 wall:      0.005)
 Objective function.................:      0.000 (sys:      0.000 wall:      0.000)
 Objective function gradient........:      0.000 (sys:      0.000 wall:      0.000)
 Equality constraints...............:      0.000 (sys:      0.000 wall:      0.000)
 Inequality constraints.............:      0.000 (sys:      0.000 wall:      0.000)
 Equality constraint Jacobian.......:      0.001 (sys:      0.000 wall:      0.001)
 Inequality constraint Jacobian.....:      0.000 (sys:      0.000 wall:      0.000)
 Lagrangian Hessian.................:      0.004 (sys:      0.000 wall:      0.004)

EXIT: Optimal Solution Found.
Total number of variables............................:     1900
                     variables with only lower bounds:        0
                variables with lower and upper bounds:      600
                     variables with only upper bounds:        0
Total number of equality constraints.................:     1300
Total number of inequality constraints...............:        0
        inequality constraints with only lower bounds:        0
   inequality constraints with lower and upper bounds:        0
        inequality constraints with only upper bounds:        0


Number of Iterations....: 4

                                   (scaled)                 (unscaled)
Objective...............:   4.4226704738413636e+00    4.7590403701576980e+00
Dual infeasibility......:   4.6185277824406512e-12    4.9697937699254333e-12
Constraint violation....:   3.7947076036992655e-19    3.7947076036992655e-19
Variable bound violation:   0.0000000000000000e+00    0.0000000000000000e+00
Complementarity.........:   1.8449292465244965e-06    1.9852468810927821e-06
Overall NLP error.......:   1.8449292465244965e-06    1.9852468810927821e-06


Number of objective function evaluations             = 5
Number of objective gradient evaluations             = 5
Number of equality constraint evaluations            = 5
Number of inequality constraint evaluations          = 0
Number of equality constraint Jacobian evaluations   = 5
Number of inequality constraint Jacobian evaluations = 0
Number of Lagrangian Hessian evaluations             = 4
Total seconds in IPOPT (w/o function evaluations)    =      0.012
Total seconds in NLP function evaluations            =      0.005


Timing Statistics:

OverallAlgorithm....................:      0.017 (sys:      0.000 wall:      0.017)
 PrintProblemStatistics.............:      0.000 (sys:      0.000 wall:      0.000)
 InitializeIterates.................:      0.003 (sys:      0.000 wall:      0.003)
 UpdateHessian......................:      0.004 (sys:      0.000 wall:      0.004)
 OutputIteration....................:      0.000 (sys:      0.000 wall:      0.000)
 UpdateBarrierParameter.............:      0.000 (sys:      0.000 wall:      0.000)
 ComputeSearchDirection.............:      0.008 (sys:      0.000 wall:      0.008)
 ComputeAcceptableTrialPoint........:      0.000 (sys:      0.000 wall:      0.000)
 AcceptTrialPoint...................:      0.000 (sys:      0.000 wall:      0.000)
 CheckConvergence...................:      0.001 (sys:      0.000 wall:      0.001)
PDSystemSolverTotal.................:      0.008 (sys:      0.000 wall:      0.008)
 PDSystemSolverSolveOnce............:      0.008 (sys:      0.000 wall:      0.008)
 ComputeResiduals...................:      0.000 (sys:      0.000 wall:      0.000)
 StdAugSystemSolverMultiSolve.......:      0.011 (sys:      0.000 wall:      0.011)
 LinearSystemScaling................:      0.000 (sys:      0.000 wall:      0.000)
 LinearSystemSymbolicFactorization..:      0.001 (sys:      0.000 wall:      0.001)
 LinearSystemFactorization..........:      0.000 (sys:      0.000 wall:      0.000)
 LinearSystemBackSolve..............:      0.002 (sys:      0.000 wall:      0.002)
 LinearSystemStructureConverter.....:      0.000 (sys:      0.000 wall:      0.000)
  LinearSystemStructureConverterInit:      0.000 (sys:      0.000 wall:      0.000)
QualityFunctionSearch...............:      0.000 (sys:      0.000 wall:      0.000)
TryCorrector........................:      0.000 (sys:      0.000 wall:      0.000)
Task1...............................:      0.000 (sys:      0.000 wall:      0.000)
Task2...............................:      0.000 (sys:      0.000 wall:      0.000)
Task3...............................:      0.000 (sys:      0.000 wall:      0.000)
Task4...............................:      0.000 (sys:      0.000 wall:      0.000)
Task5...............................:      0.000 (sys:      0.000 wall:      0.000)
Task6...............................:      0.000 (sys:      0.000 wall:      0.000)
Function Evaluations................:      0.005 (sys:      0.000 wall:      0.005)
 Objective function.................:      0.000 (sys:      0.000 wall:      0.000)
 Objective function gradient........:      0.000 (sys:      0.000 wall:      0.000)
 Equality constraints...............:      0.000 (sys:      0.000 wall:      0.000)
 Inequality constraints.............:      0.000 (sys:      0.000 wall:      0.000)
 Equality constraint Jacobian.......:      0.001 (sys:      0.000 wall:      0.001)
 Inequality constraint Jacobian.....:      0.000 (sys:      0.000 wall:      0.000)
 Lagrangian Hessian.................:      0.004 (sys:      0.000 wall:      0.004)

EXIT: Optimal Solution Found.
Total number of variables............................:     1900
                     variables with only lower bounds:        0
                variables with lower and upper bounds:      600
                     variables with only upper bounds:        0
Total number of equality constraints.................:     1300
Total number of inequality constraints...............:        0
        inequality constraints with only lower bounds:        0
   inequality constraints with lower and upper bounds:        0
        inequality constraints with only upper bounds:        0


Number of Iterations....: 4

                                   (scaled)                 (unscaled)
Objective...............:   4.1218788389090477e+00    4.1255341442651670e+00
Dual infeasibility......:   4.4124703890702222e-12    4.4163833926487439e-12
Constraint violation....:   2.4394548880923850e-19    2.4394548880923850e-19
Variable bound violation:   0.0000000000000000e+00    0.0000000000000000e+00
Complementarity.........:   1.8449271927452275e-06    1.8465632845647233e-06
Overall NLP error.......:   1.8449271927452275e-06    1.8465632845647233e-06


Number of objective function evaluations             = 5
Number of objective gradient evaluations             = 5
Number of equality constraint evaluations            = 5
Number of inequality constraint evaluations          = 0
Number of equality constraint Jacobian evaluations   = 5
Number of inequality constraint Jacobian evaluations = 0
Number of Lagrangian Hessian evaluations             = 4
Total seconds in IPOPT (w/o function evaluations)    =      0.012
Total seconds in NLP function evaluations            =      0.005


Timing Statistics:

OverallAlgorithm....................:      0.017 (sys:      0.000 wall:      0.017)
 PrintProblemStatistics.............:      0.000 (sys:      0.000 wall:      0.000)
 InitializeIterates.................:      0.003 (sys:      0.000 wall:      0.003)
 UpdateHessian......................:      0.004 (sys:      0.000 wall:      0.004)
 OutputIteration....................:      0.000 (sys:      0.000 wall:      0.000)
 UpdateBarrierParameter.............:      0.000 (sys:      0.000 wall:      0.000)
 ComputeSearchDirection.............:      0.008 (sys:      0.000 wall:      0.008)
 ComputeAcceptableTrialPoint........:      0.000 (sys:      0.000 wall:      0.000)
 AcceptTrialPoint...................:      0.000 (sys:      0.000 wall:      0.000)
 CheckConvergence...................:      0.001 (sys:      0.000 wall:      0.001)
PDSystemSolverTotal.................:      0.008 (sys:      0.000 wall:      0.008)
 PDSystemSolverSolveOnce............:      0.008 (sys:      0.000 wall:      0.008)
 ComputeResiduals...................:      0.000 (sys:      0.000 wall:      0.000)
 StdAugSystemSolverMultiSolve.......:      0.011 (sys:      0.000 wall:      0.011)
 LinearSystemScaling................:      0.000 (sys:      0.000 wall:      0.000)
 LinearSystemSymbolicFactorization..:      0.001 (sys:      0.000 wall:      0.001)
 LinearSystemFactorization..........:      0.000 (sys:      0.000 wall:      0.000)
 LinearSystemBackSolve..............:      0.002 (sys:      0.000 wall:      0.002)
 LinearSystemStructureConverter.....:      0.000 (sys:      0.000 wall:      0.000)
  LinearSystemStructureConverterInit:      0.000 (sys:      0.000 wall:      0.000)
QualityFunctionSearch...............:      0.000 (sys:      0.000 wall:      0.000)
TryCorrector........................:      0.000 (sys:      0.000 wall:      0.000)
Task1...............................:      0.000 (sys:      0.000 wall:      0.000)
Task2...............................:      0.000 (sys:      0.000 wall:      0.000)
Task3...............................:      0.000 (sys:      0.000 wall:      0.000)
Task4...............................:      0.000 (sys:      0.000 wall:      0.000)
Task5...............................:      0.000 (sys:      0.000 wall:      0.000)
Task6...............................:      0.000 (sys:      0.000 wall:      0.000)
Function Evaluations................:      0.005 (sys:      0.000 wall:      0.005)
 Objective function.................:      0.000 (sys:      0.000 wall:      0.000)
 Objective function gradient........:      0.000 (sys:      0.000 wall:      0.000)
 Equality constraints...............:      0.000 (sys:      0.000 wall:      0.000)
 Inequality constraints.............:      0.000 (sys:      0.000 wall:      0.000)
 Equality constraint Jacobian.......:      0.001 (sys:      0.000 wall:      0.001)
 Inequality constraint Jacobian.....:      0.000 (sys:      0.000 wall:      0.000)
 Lagrangian Hessian.................:      0.004 (sys:      0.000 wall:      0.004)

EXIT: Optimal Solution Found.
Total number of variables............................:     1900
                     variables with only lower bounds:        0
                variables with lower and upper bounds:      600
                     variables with only upper bounds:        0
Total number of equality constraints.................:     1300
Total number of inequality constraints...............:        0
        inequality constraints with only lower bounds:        0
   inequality constraints with lower and upper bounds:        0
        inequality constraints with only upper bounds:        0


Number of Iterations....: 4

                                   (scaled)                 (unscaled)
Objective...............:   3.5773930670700529e+00    3.5773930670700529e+00
Dual infeasibility......:   3.3821834222180769e-12    3.3821834222180769e-12
Constraint violation....:   2.4394548880923850e-19    2.4394548880923850e-19
Variable bound violation:   0.0000000000000000e+00    0.0000000000000000e+00
Complementarity.........:   1.8449262423633344e-06    1.8449262423633344e-06
Overall NLP error.......:   1.8449262423633344e-06    1.8449262423633344e-06


Number of objective function evaluations             = 5
Number of objective gradient evaluations             = 5
Number of equality constraint evaluations            = 5
Number of inequality constraint evaluations          = 0
Number of equality constraint Jacobian evaluations   = 5
Number of inequality constraint Jacobian evaluations = 0
Number of Lagrangian Hessian evaluations             = 4
Total seconds in IPOPT (w/o function evaluations)    =      0.012
Total seconds in NLP function evaluations            =      0.005


Timing Statistics:

OverallAlgorithm....................:      0.018 (sys:      0.000 wall:      0.018)
 PrintProblemStatistics.............:      0.000 (sys:      0.000 wall:      0.000)
 InitializeIterates.................:      0.003 (sys:      0.000 wall:      0.003)
 UpdateHessian......................:      0.004 (sys:      0.000 wall:      0.004)
 OutputIteration....................:      0.000 (sys:      0.000 wall:      0.000)
 UpdateBarrierParameter.............:      0.000 (sys:      0.000 wall:      0.000)
 ComputeSearchDirection.............:      0.009 (sys:      0.000 wall:      0.009)
 ComputeAcceptableTrialPoint........:      0.000 (sys:      0.000 wall:      0.000)
 AcceptTrialPoint...................:      0.000 (sys:      0.000 wall:      0.000)
 CheckConvergence...................:      0.001 (sys:      0.000 wall:      0.001)
PDSystemSolverTotal.................:      0.008 (sys:      0.000 wall:      0.008)
 PDSystemSolverSolveOnce............:      0.008 (sys:      0.000 wall:      0.008)
 ComputeResiduals...................:      0.000 (sys:      0.000 wall:      0.000)
 StdAugSystemSolverMultiSolve.......:      0.011 (sys:      0.000 wall:      0.011)
 LinearSystemScaling................:      0.000 (sys:      0.000 wall:      0.000)
 LinearSystemSymbolicFactorization..:      0.001 (sys:      0.000 wall:      0.001)
 LinearSystemFactorization..........:      0.000 (sys:      0.000 wall:      0.000)
 LinearSystemBackSolve..............:      0.002 (sys:      0.000 wall:      0.002)
 LinearSystemStructureConverter.....:      0.000 (sys:      0.000 wall:      0.000)
  LinearSystemStructureConverterInit:      0.000 (sys:      0.000 wall:      0.000)
QualityFunctionSearch...............:      0.000 (sys:      0.000 wall:      0.000)
TryCorrector........................:      0.000 (sys:      0.000 wall:      0.000)
Task1...............................:      0.000 (sys:      0.000 wall:      0.000)
Task2...............................:      0.000 (sys:      0.000 wall:      0.000)
Task3...............................:      0.000 (sys:      0.000 wall:      0.000)
Task4...............................:      0.000 (sys:      0.000 wall:      0.000)
Task5...............................:      0.000 (sys:      0.000 wall:      0.000)
Task6...............................:      0.000 (sys:      0.000 wall:      0.000)
Function Evaluations................:      0.005 (sys:      0.000 wall:      0.005)
 Objective function.................:      0.000 (sys:      0.000 wall:      0.000)
 Objective function gradient........:      0.000 (sys:      0.000 wall:      0.000)
 Equality constraints...............:      0.000 (sys:      0.000 wall:      0.000)
 Inequality constraints.............:      0.000 (sys:      0.000 wall:      0.000)
 Equality constraint Jacobian.......:      0.001 (sys:      0.000 wall:      0.001)
 Inequality constraint Jacobian.....:      0.000 (sys:      0.000 wall:      0.000)
 Lagrangian Hessian.................:      0.004 (sys:      0.000 wall:      0.004)

EXIT: Optimal Solution Found.
