Total number of variables............................:     1900
                     variables with only lower bounds:        0
                variables with lower and upper bounds:      600
                     variables with only upper bounds:        0
Total number of equality constraints.................:     1300
Total number of inequality constraints...............:        0
        inequality constraints with only lower bounds:        0
   inequality constraints with lower and upper bounds:        0
        inequality constraints with only upper bounds:        0


Number of Iterations....: 47

                                   (scaled)                 (unscaled)
Objective...............:   1.7245086621427558e+03    3.4490173242855117e+07
Dual infeasibility......:   1.4267413916968508e-09    2.8534827833937015e-05
Constraint violation....:   2.2204460492503131e-16    2.2204460492503131e-16
Variable bound violation:   9.9999992402808073e-09    9.9999992402808073e-09
Complementarity.........:   1.4224585490218852e-09    2.8449170980437702e-05
Overall NLP error.......:   5.8657569448085140e-11    2.8534827833937015e-05


Number of objective function evaluations             = 67
Number of objective gradient evaluations             = 48
Number of equality constraint evaluations            = 67
Number of inequality constraint evaluations          = 0
Number of equality constraint Jacobian evaluations   = 48
Number of inequality constraint Jacobian evaluations = 0
Number of Lagrangian Hessian evaluations             = 47
Total seconds in IPOPT (w/o function evaluations)    =      0.122
Total seconds in NLP function evaluations            =      0.059


Timing Statistics:

OverallAlgorithm....................:      0.181 (sys:      0.000 wall:      0.181)
 PrintProblemStatistics.............:      0.000 (sys:      0.000 wall:      0.000)
 InitializeIterates.................:      0.004 (sys:      0.000 wall:      0.004)
 UpdateHessian......................:      0.043 (sys:      0.000 wall:      0.043)
 OutputIteration....................:      0.000 (sys:      0.000 wall:      0.000)
 UpdateBarrierParameter.............:      0.000 (sys:      0.000 wall:      0.000)
 ComputeSearchDirection.............:      0.111 (sys:      0.000 wall:      0.111)
 ComputeAcceptableTrialPoint........:      0.007 (sys:      0.000 wall:      0.007)
 AcceptTrialPoint...................:      0.000 (sys:      0.000 wall:      0.000)
 CheckConvergence...................:      0.014 (sys:      0.000 wall:      0.014)
PDSystemSolverTotal.................:      0.112 (sys:      0.000 wall:      0.112)
 PDSystemSolverSolveOnce............:      0.109 (sys:      0.000 wall:      0.109)
 ComputeResiduals...................:      0.002 (sys:      0.000 wall:      0.002)
 StdAugSystemSolverMultiSolve.......:      0.111 (sys:      0.000 wall:      0.111)
 LinearSystemScaling................:      0.000 (sys:      0.000 wall:      0.000)
 LinearSystemSymbolicFactorization..:      0.002 (sys:      0.000 wall:      0.002)
 LinearSystemFactorization..........:      0.000 (sys:      0.000 wall:      0.000)
 LinearSystemBackSolve..............:      0.017 (sys:      0.000 wall:      0.017)
 LinearSystemStructureConverter.....:      0.000 (sys:      0.000 wall:      0.000)
  LinearSystemStructureConverterInit:      0.000 (sys:      0.000 wall:      0.000)
QualityFunctionSearch...............:      0.000 (sys:      0.000 wall:      0.000)
TryCorrector........................:      0.000 (sys:      0.000 wall:      0.000)
Task1...............................:      0.000 (sys:      0.000 wall:      0.000)
Task2...............................:      0.000 (sys:      0.000 wall:      0.000)
Task3...............................:      0.000 (sys:      0.000 wall:      0.000)
Task4...............................:      0.000 (sys:      0.000 wall:      0.000)
Task5...............................:      0.000 (sys:      0.000 wall:      0.000)
Task6...............................:      0.000 (sys:      0.000 wall:      0.000)
Function Evaluations................:      0.059 (sys:      0.000 wall:      0.059)
 Objective function.................:      0.001 (sys:      0.000 wall:      0.001)
 Objective function gradient........:      0.001 (sys:      0.000 wall:      0.001)
 Equality constraints...............:      0.003 (sys:      0.000 wall:      0.003)
 Inequality constraints.............:      0.000 (sys:      0.000 wall:      0.000)
 Equality constraint Jacobian.......:      0.012 (sys:      0.000 wall:      0.012)
 Inequality constraint Jacobian.....:      0.000 (sys:      0.000 wall:      0.000)
 Lagrangian Hessian.................:      0.043 (sys:      0.000 wall:      0.043)

EXIT: Optimal Solution Found.
Total number of variables............................:     1900
                     variables with only lower bounds:        0
                variables with lower and upper bounds:      600
                     variables with only upper bounds:        0
Total number of equality constraints.................:     1300
Total number of inequality constraints...............:        0
        inequality constraints with only lower bounds:        0
   inequality constraints with lower and upper bounds:        0
        inequality constraints with only upper bounds:        0


Number of Iterations....: 19

                                   (scaled)                 (unscaled)
Objective...............:   1.0290526494163041e+03    3.0829095226717915e+07
Dual infeasibility......:   1.0186340659856796e-10    3.0516967853164761e-06
Constraint violation....:   2.2204460492503131e-16    2.2204460492503131e-16
Variable bound violation:   9.9999991216826421e-09    9.9999991216826421e-09
Complementarity.........:   3.1968290473575725e-10    9.5772890901575115e-06
Overall NLP error.......:   1.3545569840337754e-11    9.5772890901575115e-06


Number of objective function evaluations             = 20
Number of objective gradient evaluations             = 20
Number of equality constraint evaluations            = 20
Number of inequality constraint evaluations          = 0
Number of equality constraint Jacobian evaluations   = 20
Number of inequality constraint Jacobian evaluations = 0
Number of Lagrangian Hessian evaluations             = 19
Total seconds in IPOPT (w/o function evaluations)    =      0.035
Total seconds in NLP function evaluations            =      0.024


Timing Statistics:

OverallAlgorithm....................:      0.059 (sys:      0.000 wall:      0.059)
 PrintProblemStatistics.............:      0.000 (sys:      0.000 wall:      0.000)
 InitializeIterates.................:      0.003 (sys:      0.000 wall:      0.003)
 UpdateHessian......................:      0.018 (sys:      0.000 wall:      0.018)
 OutputIteration....................:      0.000 (sys:      0.000 wall:      0.000)
 UpdateBarrierParameter.............:      0.000 (sys:      0.000 wall:      0.000)
 ComputeSearchDirection.............:      0.030 (sys:      0.000 wall:      0.030)
 ComputeAcceptableTrialPoint........:      0.002 (sys:      0.000 wall:      0.002)
 AcceptTrialPoint...................:      0.000 (sys:      0.000 wall:      0.000)
 CheckConvergence...................:      0.006 (sys:      0.000 wall:      0.006)
PDSystemSolverTotal.................:      0.030 (sys:      0.000 wall:      0.030)
 PDSystemSolverSolveOnce............:      0.029 (sys:      0.000 wall:      0.029)
 ComputeResiduals...................:      0.001 (sys:      0.000 wall:      0.001)
 StdAugSystemSolverMultiSolve.......:      0.031 (sys:      0.000 wall:      0.031)
 LinearSystemScaling................:      0.000 (sys:      0.000 wall:      0.000)
 LinearSystemSymbolicFactorization..:      0.001 (sys:      0.000 wall:      0.001)
 LinearSystemFactorization..........:      0.000 (sys:      0.000 wall:      0.000)
 LinearSystemBackSolve..............:      0.006 (sys:      0.000 wall:      0.006)
 LinearSystemStructureConverter.....:      0.000 (sys:      0.000 wall:      0.000)
  LinearSystemStructureConverterInit:      0.000 (sys:      0.000 wall:      0.000)
QualityFunctionSearch...............:      0.000 (sys:      0.000 wall:      0.000)
TryCorrector........................:      0.000 (sys:      0.000 wall:      0.000)
Task1...............................:      0.000 (sys:      0.000 wall:      0.000)
Task2...............................:      0.000 (sys:      0.000 wall:      0.000)
Task3...............................:      0.000 (sys:      0.000 wall:      0.000)
Task4...............................:      0.000 (sys:      0.000 wall:      0.000)
Task5...............................:      0.000 (sys:      0.000 wall:      0.000)
Task6...............................:      0.000 (sys:      0.000 wall:      0.000)
Function Evaluations................:      0.024 (sys:      0.000 wall:      0.024)
 Objective function.................:      0.000 (sys:      0.000 wall:      0.000)
 Objective function gradient........:      0.000 (sys:      0.000 wall:      0.000)
 Equality constraints...............:      0.001 (sys:      0.000 wall:      0.001)
 Inequality constraints.............:      0.000 (sys:      0.000 wall:      0.000)
 Equality constraint Jacobian.......:      0.005 (sys:      0.000 wall:      0.005)
 Inequality constraint Jacobian.....:      0.000 (sys:      0.000 wall:      0.000)
 Lagrangian Hessian.................:      0.018 (sys:      0.000 wall:      0.018)

EXIT: Optimal Solution Found.
Total number of variables............................:     1900
                     variables with only lower bounds:        0
                variables with lower and upper bounds:      600
                     variables with only upper bounds:        0
Total number of equality constraints.................:     1300
Total number of inequality constraints...............:        0
        inequality constraints with only lower bounds:        0
   inequality constraints with lower and upper bounds:        0
        inequality constraints with only upper bounds:        0


Number of Iterations....: 18

                                   (scaled)                 (unscaled)
Objective...............:   9.2924533425738707e+02    2.7247983279943429e+07
Dual infeasibility......:   5.9648641581588890e-10    1.7490592942124874e-05
Constraint violation....:   2.2204460492503131e-16    2.2204460492503131e-16
Variable bound violation:   9.9999917461669708e-09    9.9999917461669708e-09
Complementarity.........:   2.8077009975369639e-09    8.2329377415821554e-05
Overall NLP error.......:   1.5913999423729957e-10    8.2329377415821554e-05


Number of objective function evaluations             = 19
Number of objective gradient evaluations             = 19
Number of equality constraint evaluations            = 19
Number of inequality constraint evaluations          = 0
Number of equality constraint Jacobian evaluations   = 19
Number of inequality constraint Jacobian evaluations = 0
Number of Lagrangian Hessian evaluations             = 18
Total seconds in IPOPT (w/o function evaluations)    =      0.034
Total seconds in NLP function evaluations            =      0.023


Timing Statistics:

OverallAlgorithm....................:      0.056 (sys:      0.000 wall:      0.056)
 PrintProblemStatistics.............:      0.000 (sys:      0.000 wall:      0.000)
 InitializeIterates.................:      0.003 (sys:      0.000 wall:      0.003)
 UpdateHessian......................:      0.017 (sys:      0.000 wall:      0.017)
 OutputIteration....................:      0.000 (sys:      0.000 wall:      0.000)
 UpdateBarrierParameter.............:      0.000 (sys:      0.000 wall:      0.000)
 ComputeSearchDirection.............:      0.029 (sys:      0.000 wall:      0.029)
 ComputeAcceptableTrialPoint........:      0.002 (sys:      0.000 wall:      0.002)
 AcceptTrialPoint...................:      0.000 (sys:      0.000 wall:      0.000)
 CheckConvergence...................:      0.006 (sys:      0.000 wall:      0.006)
PDSystemSolverTotal.................:      0.028 (sys:      0.000 wall:      0.028)
 PDSystemSolverSolveOnce............:      0.027 (sys:      0.000 wall:      0.027)
 ComputeResiduals...................:      0.001 (sys:      0.000 wall:      0.001)
 StdAugSystemSolverMultiSolve.......:      0.029 (sys:      0.000 wall:      0.029)
 LinearSystemScaling................:      0.000 (sys:      0.000 wall:      0.000)
 LinearSystemSymbolicFactorization..:      0.001 (sys:      0.000 wall:      0.001)
 LinearSystemFactorization..........:      0.000 (sys:      0.000 wall:      0.000)
 LinearSystemBackSolve..............:      0.006 (sys:      0.000 wall:      0.006)
 LinearSystemStructureConverter.....:      0.000 (sys:      0.000 wall:      0.000)
  LinearSystemStructureConverterInit:      0.000 (sys:      0.000 wall:      0.000)
QualityFunctionSearch...............:      0.000 (sys:      0.000 wall:      0.000)
TryCorrector........................:      0.000 (sys:      0.000 wall:      0.000)
Task1...............................:      0.000 (sys:      0.000 wall:      0.000)
Task2...............................:      0.000 (sys:      0.000 wall:      0.000)
Task3...............................:      0.000 (sys:      0.000 wall:      0.000)
Task4...............................:      0.000 (sys:      0.000 wall:      0.000)
Task5...............................:      0.000 (sys:      0.000 wall:      0.000)
Task6...............................:      0.000 (sys:      0.000 wall:      0.000)
Function Evaluations................:      0.023 (sys:      0.000 wall:      0.023)
 Objective function.................:      0.000 (sys:      0.000 wall:      0.000)
 Objective function gradient........:      0.000 (sys:      0.000 wall:      0.000)
 Equality constraints...............:      0.001 (sys:      0.000 wall:      0.001)
 Inequality constraints.............:      0.000 (sys:      0.000 wall:      0.000)
 Equality constraint Jacobian.......:      0.005 (sys:      0.000 wall:      0.005)
 Inequality constraint Jacobian.....:      0.000 (sys:      0.000 wall:      0.000)
 Lagrangian Hessian.................:      0.017 (sys:      0.000 wall:      0.017)

EXIT: Optimal Solution Found.
Total number of variables............................:     1900
                     variables with only lower bounds:        0
                variables with lower and upper bounds:      600
                     variables with only upper bounds:        0
Total number of equality constraints.................:     1300
Total number of inequality constraints...............:        0
        inequality constraints with only lower bounds:        0
   inequality constraints with lower and upper bounds:        0
        inequality constraints with only upper bounds:        0


Number of Iterations....: 19

                                   (scaled)                 (unscaled)
Objective...............:   8.3908474629055536e+02    2.3765426799019717e+07
Dual infeasibility......:   3.2741809263825417e-11    9.2734741605880987e-07
Constraint violation....:   2.2204460492503131e-16    2.2204460492503131e-16
Variable bound violation:   9.9999987634080342e-09    9.9999987634080342e-09
Complementarity.........:   3.2233966354228965e-10    9.1296376345784080e-06
Overall NLP error.......:   2.4952766227371574e-11    9.1296376345784080e-06


Number of objective function evaluations             = 20
Number of objective gradient evaluations             = 20
Number of equality constraint evaluations            = 20
Number of inequality constraint evaluations          = 0
Number of equality constraint Jacobian evaluations   = 20
Number of inequality constraint Jacobian evaluations = 0
Number of Lagrangian Hessian evaluations             = 19
Total seconds in IPOPT (w/o function evaluations)    =      0.035
Total seconds in NLP function evaluations            =      0.024


Timing Statistics:

OverallAlgorithm....................:      0.059 (sys:      0.000 wall:      0.059)
 PrintProblemStatistics.............:      0.000 (sys:      0.000 wall:      0.000)
 InitializeIterates.................:      0.003 (sys:      0.000 wall:      0.003)
 UpdateHessian......................:      0.017 (sys:      0.000 wall:      0.017)
 OutputIteration....................:      0.000 (sys:      0.000 wall:      0.000)
 UpdateBarrierParameter.............:      0.000 (sys:      0.000 wall:      0.000)
 ComputeSearchDirection.............:      0.030 (sys:      0.000 wall:      0.030)
 ComputeAcceptableTrialPoint........:      0.002 (sys:      0.000 wall:      0.002)
 AcceptTrialPoint...................:      0.000 (sys:      0.000 wall:      0.000)
 CheckConvergence...................:      0.006 (sys:      0.000 wall:      0.006)
PDSystemSolverTotal.................:      0.030 (sys:      0.000 wall:      0.030)
 PDSystemSolverSolveOnce............:      0.028 (sys:      0.000 wall:      0.028)
 ComputeResiduals...................:      0.001 (sys:      0.000 wall:      0.001)
 StdAugSystemSolverMultiSolve.......:      0.030 (sys:      0.000 wall:      0.031)
 LinearSystemScaling................:      0.000 (sys:      0.000 wall:      0.000)
 LinearSystemSymbolicFactorization..:      0.001 (sys:      0.000 wall:      0.001)
 LinearSystemFactorization..........:      0.000 (sys:      0.000 wall:      0.000)
 LinearSystemBackSolve..............:      0.006 (sys:      0.000 wall:      0.006)
 LinearSystemStructureConverter.....:      0.000 (sys:      0.000 wall:      0.000)
  LinearSystemStructureConverterInit:      0.000 (sys:      0.000 wall:      0.000)
QualityFunctionSearch...............:      0.000 (sys:      0.000 wall:      0.000)
TryCorrector........................:      0.000 (sys:      0.000 wall:      0.000)
Task1...............................:      0.000 (sys:      0.000 wall:      0.000)
Task2...............................:      0.000 (sys:      0.000 wall:      0.000)
Task3...............................:      0.000 (sys:      0.000 wall:      0.000)
Task4...............................:      0.000 (sys:      0.000 wall:      0.000)
Task5...............................:      0.000 (sys:      0.000 wall:      0.000)
Task6...............................:      0.000 (sys:      0.000 wall:      0.000)
Function Evaluations................:      0.024 (sys:      0.000 wall:      0.024)
 Objective function.................:      0.000 (sys:      0.000 wall:      0.000)
 Objective function gradient........:      0.000 (sys:      0.000 wall:      0.000)
 Equality constraints...............:      0.001 (sys:      0.000 wall:      0.001)
 Inequality constraints.............:      0.000 (sys:      0.000 wall:      0.000)
 Equality constraint Jacobian.......:      0.005 (sys:      0.000 wall:      0.005)
 Inequality constraint Jacobian.....:      0.000 (sys:      0.000 wall:      0.000)
 Lagrangian Hessian.................:      0.017 (sys:      0.000 wall:      0.017)

EXIT: Optimal Solution Found.
Total number of variables............................:     1900
                     variables with only lower bounds:        0
                variables with lower and upper bounds:      600
                     variables with only upper bounds:        0
Total number of equality constraints.................:     1300
Total number of inequality constraints...............:        0
        inequality constraints with only lower bounds:        0
   inequality constraints with lower and upper bounds:        0
        inequality constraints with only upper bounds:        0


Number of Iterations....: 16

                                   (scaled)                 (unscaled)
Objective...............:   7.5819334700447871e+02    2.0398890939506643e+07
Dual infeasibility......:   2.9103830456733704e-11    7.8302700195718775e-07
Constraint violation....:   2.2204460492503131e-16    2.2204460492503131e-16
Variable bound violation:   9.9999880101960198e-09    9.9999880101960198e-09
Complementarity.........:   2.5074635971896562e-09    6.7462312424580888e-05
Overall NLP error.......:   2.7434191997980850e-10    6.7462312424580888e-05


Number of objective function evaluations             = 17
Number of objective gradient evaluations             = 17
Number of equality constraint evaluations            = 17
Number of inequality constraint evaluations          = 0
Number of equality constraint Jacobian evaluations   = 17
Number of inequality constraint Jacobian evaluations = 0
Number of Lagrangian Hessian evaluations             = 16
Total seconds in IPOPT (w/o function evaluations)    =      0.030
Total seconds in NLP function evaluations            =      0.020


Timing Statistics:

OverallAlgorithm....................:      0.050 (sys:      0.000 wall:      0.050)
 PrintProblemStatistics.............:      0.000 (sys:      0.000 wall:      0.000)
 InitializeIterates.................:      0.003 (sys:      0.000 wall:      0.003)
 UpdateHessian......................:      0.015 (sys:      0.000 wall:      0.015)
 OutputIteration....................:      0.000 (sys:      0.000 wall:      0.000)
 UpdateBarrierParameter.............:      0.000 (sys:      0.000 wall:      0.000)
 ComputeSearchDirection.............:      0.025 (sys:      0.000 wall:      0.025)
 ComputeAcceptableTrialPoint........:      0.002 (sys:      0.000 wall:      0.002)
 AcceptTrialPoint...................:      0.000 (sys:      0.000 wall:      0.000)
 CheckConvergence...................:      0.005 (sys:      0.000 wall:      0.005)
PDSystemSolverTotal.................:      0.025 (sys:      0.000 wall:      0.025)
 PDSystemSolverSolveOnce............:      0.024 (sys:      0.000 wall:      0.024)
 ComputeResiduals...................:      0.001 (sys:      0.000 wall:      0.001)
 StdAugSystemSolverMultiSolve.......:      0.026 (sys:      0.000 wall:      0.026)
 LinearSystemScaling................:      0.000 (sys:      0.000 wall:      0.000)
 LinearSystemSymbolicFactorization..:      0.001 (sys:      0.000 wall:      0.001)
 LinearSystemFactorization..........:      0.000 (sys:      0.000 wall:      0.000)
 LinearSystemBackSolve..............:      0.005 (sys:      0.000 wall:      0.005)
 LinearSystemStructureConverter.....:      0.000 (sys:      0.000 wall:      0.000)
  LinearSystemStructureConverterInit:      0.000 (sys:      0.000 wall:      0.000)
QualityFunctionSearch...............:      0.000 (sys:      0.000 wall:      0.000)
TryCorrector........................:      0.000 (sys:      0.000 wall:      0.000)
Task1...............................:      0.000 (sys:      0.000 wall:      0.000)
Task2...............................:      0.000 (sys:      0.000 wall:      0.000)
Task3...............................:      0.000 (sys:      0.000 wall:      0.000)
Task4...............................:      0.000 (sys:      0.000 wall:      0.000)
Task5...............................:      0.000 (sys:      0.000 wall:      0.000)
Task6...............................:      0.000 (sys:      0.000 wall:      0.000)
Function Evaluations................:      0.020 (sys:      0.000 wall:      0.020)
 Objective function.................:      0.000 (sys:      0.000 wall:      0.000)
 Objective function gradient........:      0.000 (sys:      0.000 wall:      0.000)
 Equality constraints...............:      0.001 (sys:      0.000 wall:      0.001)
 Inequality constraints.............:      0.000 (sys:      0.000 wall:      0.000)
 Equality constraint Jacobian.......:      0.004 (sys:      0.000 wall:      0.004)
 Inequality constraint Jacobian.....:      0.000 (sys:      0.000 wall:      0.000)
 Lagrangian Hessian.................:      0.015 (sys:      0.000 wall:      0.014)

EXIT: Optimal Solution Found.
Total number of variables............................:     1900
                     variables with only lower bounds:        0
                variables with lower and upper bounds:      600
                     variables with only upper bounds:        0
Total number of equality constraints.................:     1300
Total number of inequality constraints...............:        0
        inequality constraints with only lower bounds:        0
   inequality constraints with lower and upper bounds:        0
        inequality constraints with only upper bounds:        0


Number of Iterations....: 16

                                   (scaled)                 (unscaled)
Objective...............:   6.8655345906926686e+02    1.7156471542574808e+07
Dual infeasibility......:   2.9103830456733704e-11    7.2728355296291220e-07
Constraint violation....:   2.2204460492503131e-16    2.2204460492503131e-16
Variable bound violation:   9.9999827077833225e-09    9.9999827077833225e-09
Complementarity.........:   2.5059719731620129e-09    6.2622416763188221e-05
Overall NLP error.......:   4.0090858851710705e-10    6.2622416763188221e-05


Number of objective function evaluations             = 17
Number of objective gradient evaluations             = 17
Number of equality constraint evaluations            = 17
Number of inequality constraint evaluations          = 0
Number of equality constraint Jacobian evaluations   = 17
Number of inequality constraint Jacobian evaluations = 0
Number of Lagrangian Hessian evaluations             = 16
Total seconds in IPOPT (w/o function evaluations)    =      0.030
Total seconds in NLP function evaluations            =      0.020


Timing Statistics:

OverallAlgorithm....................:      0.050 (sys:      0.000 wall:      0.050)
 PrintProblemStatistics.............:      0.000 (sys:      0.000 wall:      0.000)
 InitializeIterates.................:      0.003 (sys:      0.000 wall:      0.003)
 UpdateHessian......................:      0.015 (sys:      0.000 wall:      0.015)
 OutputIteration....................:      0.000 (sys:      0.000 wall:      0.000)
 UpdateBarrierParameter.............:      0.000 (sys:      0.000 wall:      0.000)
 ComputeSearchDirection.............:      0.025 (sys:      0.000 wall:      0.025)
 ComputeAcceptableTrialPoint........:      0.002 (sys:      0.000 wall:      0.002)
 AcceptTrialPoint...................:      0.000 (sys:      0.000 wall:      0.000)
 CheckConvergence...................:      0.005 (sys:      0.000 wall:      0.005)
PDSystemSolverTotal.................:      0.025 (sys:      0.000 wall:      0.025)
 PDSystemSolverSolveOnce............:      0.024 (sys:      0.000 wall:      0.024)
 ComputeResiduals...................:      0.001 (sys:      0.000 wall:      0.001)
 StdAugSystemSolverMultiSolve.......:      0.026 (sys:      0.000 wall:      0.026)
 LinearSystemScaling................:      0.000 (sys:      0.000 wall:      0.000)
 LinearSystemSymbolicFactorization..:      0.001 (sys:      0.000 wall:      0.001)
 LinearSystemFactorization..........:      0.000 (sys:      0.000 wall:      0.000)
 LinearSystemBackSolve..............:      0.005 (sys:      0.000 wall:      0.005)
 LinearSystemStructureConverter.....:      0.000 (sys:      0.000 wall:      0.000)
  LinearSystemStructureConverterInit:      0.000 (sys:      0.000 wall:      0.000)
QualityFunctionSearch...............:      0.000 (sys:      0.000 wall:      0.000)
TryCorrector........................:      0.000 (sys:      0.000 wall:      0.000)
Task1...............................:      0.000 (sys:      0.000 wall:      0.000)
Task2...............................:      0.000 (sys:      0.000 wall:      0.000)
Task3...............................:      0.000 (sys:      0.000 wall:      0.000)
Task4...............................:      0.000 (sys:      0.000 wall:      0.000)
Task5...............................:      0.000 (sys:      0.000 wall:      0.000)
Task6...............................:      0.000 (sys:      0.000 wall:      0.000)
Function Evaluations................:      0.020 (sys:      0.000 wall:      0.020)
 Objective function.................:      0.000 (sys:      0.000 wall:      0.000)
 Objective function gradient........:      0.000 (sys:      0.000 wall:      0.000)
 Equality constraints...............:      0.001 (sys:      0.000 wall:      0.001)
 Inequality constraints.............:      0.000 (sys:      0.000 wall:      0.000)
 Equality constraint Jacobian.......:      0.004 (sys:      0.000 wall:      0.004)
 Inequality constraint Jacobian.....:      0.000 (sys:      0.000 wall:      0.000)
 Lagrangian Hessian.................:      0.015 (sys:      0.000 wall:      0.015)

EXIT: Optimal Solution Found.
Total number of variables............................:     1900
                     variables with only lower bounds:        0
                variables with lower and upper bounds:      600
                     variables with only upper bounds:        0
Total number of equality constraints.................:     1300
Total number of inequality constraints...............:        0
        inequality constraints with only lower bounds:        0
   inequality constraints with lower and upper bounds:        0
        inequality constraints with only upper bounds:        0


Number of Iterations....: 15

                                   (scaled)                 (unscaled)
Objective...............:   6.2441831162933227e+02    1.4043543998517048e+07
Dual infeasibility......:   1.3626139409853217e-11    3.0646008415876764e-07
Constraint violation....:   2.2204460492503131e-16    2.2204460492503131e-16
Variable bound violation:   9.9999815510615772e-09    9.9999815510615772e-09
Complementarity.........:   2.5059324134686306e-09    5.6359929634394726e-05
Overall NLP error.......:   6.0376610159421679e-10    5.6359929634394726e-05


Number of objective function evaluations             = 16
Number of objective gradient evaluations             = 16
Number of equality constraint evaluations            = 16
Number of inequality constraint evaluations          = 0
Number of equality constraint Jacobian evaluations   = 16
Number of inequality constraint Jacobian evaluations = 0
Number of Lagrangian Hessian evaluations             = 15
Total seconds in IPOPT (w/o function evaluations)    =      0.028
Total seconds in NLP function evaluations            =      0.019


Timing Statistics:

OverallAlgorithm....................:      0.047 (sys:      0.000 wall:      0.047)
 PrintProblemStatistics.............:      0.000 (sys:      0.000 wall:      0.000)
 InitializeIterates.................:      0.003 (sys:      0.000 wall:      0.003)
 UpdateHessian......................:      0.014 (sys:      0.000 wall:      0.014)
 OutputIteration....................:      0.000 (sys:      0.000 wall:      0.000)
 UpdateBarrierParameter.............:      0.000 (sys:      0.000 wall:      0.000)
 ComputeSearchDirection.............:      0.023 (sys:      0.000 wall:      0.023)
 ComputeAcceptableTrialPoint........:      0.002 (sys:      0.000 wall:      0.002)
 AcceptTrialPoint...................:      0.000 (sys:      0.000 wall:      0.000)
 CheckConvergence...................:      0.005 (sys:      0.000 wall:      0.005)
PDSystemSolverTotal.................:      0.023 (sys:      0.000 wall:      0.023)
 PDSystemSolverSolveOnce............:      0.022 (sys:      0.000 wall:      0.022)
 ComputeResiduals...................:      0.001 (sys:      0.000 wall:      0.001)
 StdAugSystemSolverMultiSolve.......:      0.024 (sys:      0.000 wall:      0.024)
 LinearSystemScaling................:      0.000 (sys:      0.000 wall:      0.000)
 LinearSystemSymbolicFactorization..:      0.001 (sys:      0.000 wall:      0.001)
 LinearSystemFactorization..........:      0.000 (sys:      0.000 wall:      0.000)
 LinearSystemBackSolve..............:      0.005 (sys:      0.000 wall:      0.005)
 LinearSystemStructureConverter.....:      0.000 (sys:      0.000 wall:      0.000)
  LinearSystemStructureConverterInit:      0.000 (sys:      0.000 wall:      0.000)
QualityFunctionSearch...............:      0.000 (sys:      0.000 wall:      0.000)
TryCorrector........................:      0.000 (sys:      0.000 wall:      0.000)
Task1...............................:      0.000 (sys:      0.000 wall:      0.000)
Task2...............................:      0.000 (sys:      0.000 wall:      0.000)
Task3...............................:      0.000 (sys:      0.000 wall:      0.000)
Task4...............................:      0.000 (sys:      0.000 wall:      0.000)
Task5...............................:      0.000 (sys:      0.000 wall:      0.000)
Task6...............................:      0.000 (sys:      0.000 wall:      0.000)
Function Evaluations................:      0.019 (sys:      0.000 wall:      0.019)
 Objective function.................:      0.000 (sys:      0.000 wall:      0.000)
 Objective function gradient........:      0.000 (sys:      0.000 wall:      0.000)
 Equality constraints...............:      0.001 (sys:      0.000 wall:      0.001)
 Inequality constraints.............:      0.000 (sys:      0.000 wall:      0.000)
 Equality constraint Jacobian.......:      0.004 (sys:      0.000 wall:      0.004)
 Inequality constraint Jacobian.....:      0.000 (sys:      0.000 wall:      0.000)
 Lagrangian Hessian.................:      0.014 (sys:      0.000 wall:      0.014)

EXIT: Optimal Solution Found.
Total number of variables............................:     1900
                     variables with only lower bounds:        0
                variables with lower and upper bounds:      600
                     variables with only upper bounds:        0
Total number of equality constraints.................:     1300
Total number of inequality constraints...............:        0
        inequality constraints with only lower bounds:        0
   inequality constraints with lower and upper bounds:        0
        inequality constraints with only upper bounds:        0


Number of Iterations....: 16

                                   (scaled)                 (unscaled)
Objective...............:   5.5392299637749250e+02    1.1079567769723192e+07
Dual infeasibility......:   1.4551915228366852e-11    2.9106740829745531e-07
Constraint violation....:   2.2204460492503131e-16    2.2204460492503131e-16
Variable bound violation:   9.9999685411369509e-09    9.9999685411369509e-09
Complementarity.........:   2.5059207958493233e-09    5.0123427741299324e-05
Overall NLP error.......:   1.0424058409509030e-09    5.0123427741299324e-05


Number of objective function evaluations             = 17
Number of objective gradient evaluations             = 17
Number of equality constraint evaluations            = 17
Number of inequality constraint evaluations          = 0
Number of equality constraint Jacobian evaluations   = 17
Number of inequality constraint Jacobian evaluations = 0
Number of Lagrangian Hessian evaluations             = 16
Total seconds in IPOPT (w/o function evaluations)    =      0.029
Total seconds in NLP function evaluations            =      0.020


Timing Statistics:

OverallAlgorithm....................:      0.050 (sys:      0.000 wall:      0.050)
 PrintProblemStatistics.............:      0.000 (sys:      0.000 wall:      0.000)
 InitializeIterates.................:      0.003 (sys:      0.000 wall:      0.003)
 UpdateHessian......................:      0.015 (sys:      0.000 wall:      0.015)
 OutputIteration....................:      0.000 (sys:      0.000 wall:      0.000)
 UpdateBarrierParameter.............:      0.000 (sys:      0.000 wall:      0.000)
 ComputeSearchDirection.............:      0.025 (sys:      0.000 wall:      0.025)
 ComputeAcceptableTrialPoint........:      0.002 (sys:      0.000 wall:      0.002)
 AcceptTrialPoint...................:      0.000 (sys:      0.000 wall:      0.000)
 CheckConvergence...................:      0.005 (sys:      0.000 wall:      0.005)
PDSystemSolverTotal.................:      0.024 (sys:      0.000 wall:      0.024)
 PDSystemSolverSolveOnce............:      0.023 (sys:      0.000 wall:      0.023)
 ComputeResiduals...................:      0.001 (sys:      0.000 wall:      0.001)
 StdAugSystemSolverMultiSolve.......:      0.026 (sys:      0.000 wall:      0.026)
 LinearSystemScaling................:      0.000 (sys:      0.000 wall:      0.000)
 LinearSystemSymbolicFactorization..:      0.001 (sys:      0.000 wall:      0.001)
 LinearSystemFactorization..........:      0.000 (sys:      0.000 wall:      0.000)
 LinearSystemBackSolve..............:      0.005 (sys:      0.000 wall:      0.005)
 LinearSystemStructureConverter.....:      0.000 (sys:      0.000 wall:      0.000)
  LinearSystemStructureConverterInit:      0.000 (sys:      0.000 wall:      0.000)
QualityFunctionSearch...............:      0.000 (sys:      0.000 wall:      0.000)
TryCorrector........................:      0.000 (sys:      0.000 wall:      0.000)
Task1...............................:      0.000 (sys:      0.000 wall:      0.000)
Task2...............................:      0.000 (sys:      0.000 wall:      0.000)
Task3...............................:      0.000 (sys:      0.000 wall:      0.000)
Task4...............................:      0.000 (sys:      0.000 wall:      0.000)
Task5...............................:      0.000 (sys:      0.000 wall:      0.000)
Task6...............................:      0.000 (sys:      0.000 wall:      0.000)
Function Evaluations................:      0.020 (sys:      0.000 wall:      0.020)
 Objective function.................:      0.000 (sys:      0.000 wall:      0.000)
 Objective function gradient........:      0.000 (sys:      0.000 wall:      0.000)
 Equality constraints...............:      0.001 (sys:      0.000 wall:      0.001)
 Inequality constraints.............:      0.000 (sys:      0.000 wall:      0.000)
 Equality constraint Jacobian.......:      0.004 (sys:      0.000 wall:      0.004)
 Inequality constraint Jacobian.....:      0.000 (sys:      0.000 wall:      0.000)
 Lagrangian Hessian.................:      0.015 (sys:      0.000 wall:      0.015)

EXIT: Optimal Solution Found.
Total number of variables............................:     1900
                     variables with only lower bounds:        0
                variables with lower and upper bounds:      600
                     variables with only upper bounds:        0
Total number of equality constraints.................:     1300
Total number of inequality constraints...............:        0
        inequality constraints with only lower bounds:        0
   inequality constraints with lower and upper bounds:        0
        inequality constraints with only upper bounds:        0


Number of Iterations....: 18

                                   (scaled)                 (unscaled)
Objective...............:   4.1509848775664847e+02    8.3027999472216005e+06
Dual infeasibility......:   1.1838943105073546e-11    2.3680253984830326e-07
Constraint violation....:   2.2204460492503131e-16    2.2204460492503131e-16
Variable bound violation:   9.9999333599284186e-09    9.9999333599284186e-09
Complementarity.........:   2.5059093353307198e-09    5.0123198495783423e-05
Overall NLP error.......:   2.5059093353307198e-09    5.0123198495783423e-05


Number of objective function evaluations             = 19
Number of objective gradient evaluations             = 19
Number of equality constraint evaluations            = 19
Number of inequality constraint evaluations          = 0
Number of equality constraint Jacobian evaluations   = 19
Number of inequality constraint Jacobian evaluations = 0
Number of Lagrangian Hessian evaluations             = 18
Total seconds in IPOPT (w/o function evaluations)    =      0.033
Total seconds in NLP function evaluations            =      0.023


Timing Statistics:

OverallAlgorithm....................:      0.055 (sys:      0.000 wall:      0.055)
 PrintProblemStatistics.............:      0.000 (sys:      0.000 wall:      0.000)
 InitializeIterates.................:      0.003 (sys:      0.000 wall:      0.003)
 UpdateHessian......................:      0.016 (sys:      0.000 wall:      0.016)
 OutputIteration....................:      0.000 (sys:      0.000 wall:      0.000)
 UpdateBarrierParameter.............:      0.000 (sys:      0.000 wall:      0.000)
 ComputeSearchDirection.............:      0.028 (sys:      0.000 wall:      0.028)
 ComputeAcceptableTrialPoint........:      0.002 (sys:      0.000 wall:      0.002)
 AcceptTrialPoint...................:      0.000 (sys:      0.000 wall:      0.000)
 CheckConvergence...................:      0.006 (sys:      0.000 wall:      0.006)
PDSystemSolverTotal.................:      0.027 (sys:      0.000 wall:      0.027)
 PDSystemSolverSolveOnce............:      0.026 (sys:      0.000 wall:      0.026)
 ComputeResiduals...................:      0.001 (sys:      0.000 wall:      0.001)
 StdAugSystemSolverMultiSolve.......:      0.028 (sys:      0.000 wall:      0.028)
 LinearSystemScaling................:      0.000 (sys:      0.000 wall:      0.000)
 LinearSystemSymbolicFactorization..:      0.001 (sys:      0.000 wall:      0.001)
 LinearSystemFactorization..........:      0.000 (sys:      0.000 wall:      0.000)
 LinearSystemBackSolve..............:      0.006 (sys:      0.000 wall:      0.006)
 LinearSystemStructureConverter.....:      0.000 (sys:      0.000 wall:      0.000)
  LinearSystemStructureConverterInit:      0.000 (sys:      0.000 wall:      0.000)
QualityFunctionSearch...............:      0.000 (sys:      0.000 wall:      0.000)
TryCorrector........................:      0.000 (sys:      0.000 wall:      0.000)
Task1...............................:      0.000 (sys:      0.000 wall:      0.000)
Task2...............................:      0.000 (sys:      0.000 wall:      0.000)
Task3...............................:      0.000 (sys:      0.000 wall:      0.000)
Task4...............................:      0.000 (sys:      0.000 wall:      0.000)
Task5...............................:      0.000 (sys:      0.000 wall:      0.000)
Task6...............................:      0.000 (sys:      0.000 wall:      0.000)
Function Evaluations................:      0.023 (sys:      0.000 wall:      0.023)
 Objective function.................:      0.000 (sys:      0.000 wall:      0.000)
 Objective function gradient........:      0.000 (sys:      0.000 wall:      0.000)
 Equality constraints...............:      0.001 (sys:      0.000 wall:      0.001)
 Inequality constraints.............:      0.000 (sys:      0.000 wall:      0.000)
 Equality constraint Jacobian.......:      0.005 (sys:      0.000 wall:      0.005)
 Inequality constraint Jacobian.....:      0.000 (sys:      0.000 wall:      0.000)
 Lagrangian Hessian.................:      0.016 (sys:      0.000 wall:      0.016)

EXIT: Optimal Solution Found.
Total number of variables............................:     1900
                     variables with only lower bounds:        0
                variables with lower and upper bounds:      600
                     variables with only upper bounds:        0
Total number of equality constraints.................:     1300
Total number of inequality constraints...............:        0
        inequality constraints with only lower bounds:        0
   inequality constraints with lower and upper bounds:        0
        inequality constraints with only upper bounds:        0


Number of Iterations....: 16

                                   (scaled)                 (unscaled)
Objective...............:   2.8955411412452105e+02    5.7916613837649161e+06
Dual infeasibility......:   5.4569682106375694e-12    1.0915027801812147e-07
Constraint violation....:   2.2204460492503131e-16    2.2204460492503131e-16
Variable bound violation:   9.9998821576812238e-09    9.9998821576812238e-09
Complementarity.........:   2.5060092413293455e-09    5.0125196784886792e-05
Overall NLP error.......:   2.5060092413293455e-09    5.0125196784886792e-05


Number of objective function evaluations             = 17
Number of objective gradient evaluations             = 17
Number of equality constraint evaluations            = 17
Number of inequality constraint evaluations          = 0
Number of equality constraint Jacobian evaluations   = 17
Number of inequality constraint Jacobian evaluations = 0
Number of Lagrangian Hessian evaluations             = 16
Total seconds in IPOPT (w/o function evaluations)    =      0.030
Total seconds in NLP function evaluations            =      0.020


Timing Statistics:

OverallAlgorithm....................:      0.050 (sys:      0.000 wall:      0.050)
 PrintProblemStatistics.............:      0.000 (sys:      0.000 wall:      0.000)
 InitializeIterates.................:      0.003 (sys:      0.000 wall:      0.003)
 UpdateHessian......................:      0.015 (sys:      0.000 wall:      0.015)
 OutputIteration....................:      0.000 (sys:      0.000 wall:      0.000)
 UpdateBarrierParameter.............:      0.000 (sys:      0.000 wall:      0.000)
 ComputeSearchDirection.............:      0.025 (sys:      0.000 wall:      0.025)
 ComputeAcceptableTrialPoint........:      0.002 (sys:      0.000 wall:      0.002)
 AcceptTrialPoint...................:      0.000 (sys:      0.000 wall:      0.000)
 CheckConvergence...................:      0.005 (sys:      0.000 wall:      0.005)
PDSystemSolverTotal.................:      0.025 (sys:      0.000 wall:      0.025)
 PDSystemSolverSolveOnce............:      0.023 (sys:      0.000 wall:      0.023)
 ComputeResiduals...................:      0.001 (sys:      0.000 wall:      0.001)
 StdAugSystemSolverMultiSolve.......:      0.026 (sys:      0.000 wall:      0.026)
 LinearSystemScaling................:      0.000 (sys:      0.000 wall:      0.000)
 LinearSystemSymbolicFactorization..:      0.001 (sys:      0.000 wall:      0.001)
 LinearSystemFactorization..........:      0.000 (sys:      0.000 wall:      0.000)
 LinearSystemBackSolve..............:      0.005 (sys:      0.000 wall:      0.005)
 LinearSystemStructureConverter.....:      0.000 (sys:      0.000 wall:      0.000)
  LinearSystemStructureConverterInit:      0.000 (sys:      0.000 wall:      0.000)
QualityFunctionSearch...............:      0.000 (sys:      0.000 wall:      0.000)
TryCorrector........................:      0.000 (sys:      0.000 wall:      0.000)
Task1...............................:      0.000 (sys:      0.000 wall:      0.000)
Task2...............................:      0.000 (sys:      0.000 wall:      0.000)
Task3...............................:      0.000 (sys:      0.000 wall:      0.000)
Task4...............................:      0.000 (sys:      0.000 wall:      0.000)
Task5...............................:      0.000 (sys:      0.000 wall:      0.000)
Task6...............................:      0.000 (sys:      0.000 wall:      0.000)
Function Evaluations................:      0.020 (sys:      0.000 wall:      0.020)
 Objective function.................:      0.000 (sys:      0.000 wall:      0.000)
 Objective function gradient........:      0.000 (sys:      0.000 wall:      0.000)
 Equality constraints...............:      0.001 (sys:      0.000 wall:      0.001)
 Inequality constraints.............:      0.000 (sys:      0.000 wall:      0.000)
 Equality constraint Jacobian.......:      0.004 (sys:      0.000 wall:      0.004)
 Inequality constraint Jacobian.....:      0.000 (sys:      0.000 wall:      0.000)
 Lagrangian Hessian.................:      0.015 (sys:      0.000 wall:      0.015)

EXIT: Optimal Solution Found.
Total number of variables............................:     1900
                     variables with only lower bounds:        0
                variables with lower and upper bounds:      600
                     variables with only upper bounds:        0
Total number of equality constraints.................:     1300
Total number of inequality constraints...............:        0
        inequality constraints with only lower bounds:        0
   inequality constraints with lower and upper bounds:        0
        inequality constraints with only upper bounds:        0


Number of Iterations....: 16

                                   (scaled)                 (unscaled)
Objective...............:   1.8849080870176107e+02    3.7701931398623195e+06
Dual infeasibility......:   3.4664300650397162e-07    6.9335533870533636e-03
Constraint violation....:   3.8669979196326770e-13    3.8669979196326770e-13
Variable bound violation:   9.9996548547228673e-09    9.9996548547228673e-09
Complementarity.........:   2.8881664018208446e-09    5.7769104127272236e-05
Overall NLP error.......:   3.4664300650397162e-07    6.9335533870533636e-03


Number of objective function evaluations             = 17
Number of objective gradient evaluations             = 17
Number of equality constraint evaluations            = 17
Number of inequality constraint evaluations          = 0
Number of equality constraint Jacobian evaluations   = 17
Number of inequality constraint Jacobian evaluations = 0
Number of Lagrangian Hessian evaluations             = 16
Total seconds in IPOPT (w/o function evaluations)    =      0.029
Total seconds in NLP function evaluations            =      0.020


Timing Statistics:

OverallAlgorithm....................:      0.050 (sys:      0.000 wall:      0.050)
 PrintProblemStatistics.............:      0.000 (sys:      0.000 wall:      0.000)
 InitializeIterates.................:      0.003 (sys:      0.000 wall:      0.003)
 UpdateHessian......................:      0.015 (sys:      0.000 wall:      0.015)
 OutputIteration....................:      0.000 (sys:      0.000 wall:      0.000)
 UpdateBarrierParameter.............:      0.000 (sys:      0.000 wall:      0.000)
 ComputeSearchDirection.............:      0.024 (sys:      0.000 wall:      0.024)
 ComputeAcceptableTrialPoint........:      0.002 (sys:      0.000 wall:      0.002)
 AcceptTrialPoint...................:      0.000 (sys:      0.000 wall:      0.000)
 CheckConvergence...................:      0.005 (sys:      0.000 wall:      0.005)
PDSystemSolverTotal.................:      0.024 (sys:      0.000 wall:      0.024)
 PDSystemSolverSolveOnce............:      0.023 (sys:      0.000 wall:      0.023)
 ComputeResiduals...................:      0.001 (sys:      0.000 wall:      0.001)
 StdAugSystemSolverMultiSolve.......:      0.025 (sys:      0.000 wall:      0.025)
 LinearSystemScaling................:      0.000 (sys:      0.000 wall:      0.000)
 LinearSystemSymbolicFactorization..:      0.001 (sys:      0.000 wall:      0.001)
 LinearSystemFactorization..........:      0.000 (sys:      0.000 wall:      0.000)
 LinearSystemBackSolve..............:      0.005 (sys:      0.000 wall:      0.005)
 LinearSystemStructureConverter.....:      0.000 (sys:      0.000 wall:      0.000)
  LinearSystemStructureConverterInit:      0.000 (sys:      0.000 wall:      0.000)
QualityFunctionSearch...............:      0.000 (sys:      0.000 wall:      0.000)
TryCorrector........................:      0.000 (sys:      0.000 wall:      0.000)
Task1...............................:      0.000 (sys:      0.000 wall:      0.000)
Task2...............................:      0.000 (sys:      0.000 wall:      0.000)
Task3...............................:      0.000 (sys:      0.000 wall:      0.000)
Task4...............................:      0.000 (sys:      0.000 wall:      0.000)
Task5...............................:      0.000 (sys:      0.000 wall:      0.000)
Task6...............................:      0.000 (sys:      0.000 wall:      0.000)
Function Evaluations................:      0.020 (sys:      0.000 wall:      0.020)
 Objective function.................:      0.000 (sys:      0.000 wall:      0.000)
 Objective function gradient........:      0.000 (sys:      0.000 wall:      0.000)
 Equality constraints...............:      0.001 (sys:      0.000 wall:      0.001)
 Inequality constraints.............:      0.000 (sys:      0.000 wall:      0.000)
 Equality constraint Jacobian.......:      0.004 (sys:      0.000 wall:      0.004)
 Inequality constraint Jacobian.....:      0.000 (sys:      0.000 wall:      0.000)
 Lagrangian Hessian.................:      0.015 (sys:      0.000 wall:      0.015)

EXIT: Optimal Solution Found.
Total number of variables............................:     1900
                     variables with only lower bounds:        0
                variables with lower and upper bounds:      600
                     variables with only upper bounds:        0
Total number of equality constraints.................:     1300
Total number of inequality constraints...............:        0
        inequality constraints with only lower bounds:        0
   inequality constraints with lower and upper bounds:        0
        inequality constraints with only upper bounds:        0


Number of Iterations....: 18

                                   (scaled)                 (unscaled)
Objective...............:   1.1202789049781583e+02    2.2407818559634918e+06
Dual infeasibility......:   2.9369766286778994e-10    5.8745406270580204e-06
Constraint violation....:   1.1102230246251565e-15    1.1102230246251565e-15
Variable bound violation:   9.9997831735465330e-09    9.9997831735465330e-09
Complementarity.........:   2.5088001530267026e-09    5.0181020441961017e-05
Overall NLP error.......:   2.5088001530267026e-09    5.0181020441961017e-05


Number of objective function evaluations             = 19
Number of objective gradient evaluations             = 19
Number of equality constraint evaluations            = 19
Number of inequality constraint evaluations          = 0
Number of equality constraint Jacobian evaluations   = 19
Number of inequality constraint Jacobian evaluations = 0
Number of Lagrangian Hessian evaluations             = 18
Total seconds in IPOPT (w/o function evaluations)    =      0.032
Total seconds in NLP function evaluations            =      0.022


Timing Statistics:

OverallAlgorithm....................:      0.055 (sys:      0.000 wall:      0.055)
 PrintProblemStatistics.............:      0.000 (sys:      0.000 wall:      0.000)
 InitializeIterates.................:      0.003 (sys:      0.000 wall:      0.003)
 UpdateHessian......................:      0.016 (sys:      0.000 wall:      0.016)
 OutputIteration....................:      0.000 (sys:      0.000 wall:      0.000)
 UpdateBarrierParameter.............:      0.000 (sys:      0.000 wall:      0.000)
 ComputeSearchDirection.............:      0.027 (sys:      0.000 wall:      0.027)
 ComputeAcceptableTrialPoint........:      0.002 (sys:      0.000 wall:      0.002)
 AcceptTrialPoint...................:      0.000 (sys:      0.000 wall:      0.000)
 CheckConvergence...................:      0.005 (sys:      0.000 wall:      0.005)
PDSystemSolverTotal.................:      0.027 (sys:      0.000 wall:      0.027)
 PDSystemSolverSolveOnce............:      0.026 (sys:      0.000 wall:      0.026)
 ComputeResiduals...................:      0.001 (sys:      0.000 wall:      0.001)
 StdAugSystemSolverMultiSolve.......:      0.028 (sys:      0.000 wall:      0.028)
 LinearSystemScaling................:      0.000 (sys:      0.000 wall:      0.000)
 LinearSystemSymbolicFactorization..:      0.001 (sys:      0.000 wall:      0.001)
 LinearSystemFactorization..........:      0.000 (sys:      0.000 wall:      0.000)
 LinearSystemBackSolve..............:      0.006 (sys:      0.000 wall:      0.006)
 LinearSystemStructureConverter.....:      0.000 (sys:      0.000 wall:      0.000)
  LinearSystemStructureConverterInit:      0.000 (sys:      0.000 wall:      0.000)
QualityFunctionSearch...............:      0.000 (sys:      0.000 wall:      0.000)
TryCorrector........................:      0.000 (sys:      0.000 wall:      0.000)
Task1...............................:      0.000 (sys:      0.000 wall:      0.000)
Task2...............................:      0.000 (sys:      0.000 wall:      0.000)
Task3...............................:      0.000 (sys:      0.000 wall:      0.000)
Task4...............................:      0.000 (sys:      0.000 wall:      0.000)
Task5...............................:      0.000 (sys:      0.000 wall:      0.000)
Task6...............................:      0.000 (sys:      0.000 wall:      0.000)
Function Evaluations................:      0.022 (sys:      0.000 wall:      0.022)
 Objective function.................:      0.000 (sys:      0.000 wall:      0.000)
 Objective function gradient........:      0.000 (sys:      0.000 wall:      0.000)
 Equality constraints...............:      0.001 (sys:      0.000 wall:      0.001)
 Inequality constraints.............:      0.000 (sys:      0.000 wall:      0.000)
 Equality constraint Jacobian.......:      0.005 (sys:      0.000 wall:      0.005)
 Inequality constraint Jacobian.....:      0.000 (sys:      0.000 wall:      0.000)
 Lagrangian Hessian.................:      0.016 (sys:      0.000 wall:      0.016)

EXIT: Optimal Solution Found.
Total number of variables............................:     1900
                     variables with only lower bounds:        0
                variables with lower and upper bounds:      600
                     variables with only upper bounds:        0
Total number of equality constraints.................:     1300
Total number of inequality constraints...............:        0
        inequality constraints with only lower bounds:        0
   inequality constraints with lower and upper bounds:        0
        inequality constraints with only upper bounds:        0


Number of Iterations....: 17

                                   (scaled)                 (unscaled)
Objective...............:   6.0233304293109796e+01    1.2047865498587475e+06
Dual infeasibility......:   8.5054470999254561e-07    1.7012595252386780e-02
Constraint violation....:   1.7244192185295049e-12    1.7244192185295049e-12
Variable bound violation:   9.9996359175733842e-09    9.9996359175733842e-09
Complementarity.........:   4.4087050390732140e-09    8.8182918000357660e-05
Overall NLP error.......:   8.5054470999254561e-07    1.7012595252386780e-02


Number of objective function evaluations             = 18
Number of objective gradient evaluations             = 18
Number of equality constraint evaluations            = 18
Number of inequality constraint evaluations          = 0
Number of equality constraint Jacobian evaluations   = 18
Number of inequality constraint Jacobian evaluations = 0
Number of Lagrangian Hessian evaluations             = 17
Total seconds in IPOPT (w/o function evaluations)    =      0.031
Total seconds in NLP function evaluations            =      0.021


Timing Statistics:

OverallAlgorithm....................:      0.052 (sys:      0.000 wall:      0.052)
 PrintProblemStatistics.............:      0.000 (sys:      0.000 wall:      0.000)
 InitializeIterates.................:      0.003 (sys:      0.000 wall:      0.003)
 UpdateHessian......................:      0.016 (sys:      0.000 wall:      0.016)
 OutputIteration....................:      0.000 (sys:      0.000 wall:      0.000)
 UpdateBarrierParameter.............:      0.000 (sys:      0.000 wall:      0.000)
 ComputeSearchDirection.............:      0.026 (sys:      0.000 wall:      0.026)
 ComputeAcceptableTrialPoint........:      0.002 (sys:      0.000 wall:      0.002)
 AcceptTrialPoint...................:      0.000 (sys:      0.000 wall:      0.000)
 CheckConvergence...................:      0.005 (sys:      0.000 wall:      0.005)
PDSystemSolverTotal.................:      0.026 (sys:      0.000 wall:      0.026)
 PDSystemSolverSolveOnce............:      0.025 (sys:      0.000 wall:      0.025)
 ComputeResiduals...................:      0.001 (sys:      0.000 wall:      0.001)
 StdAugSystemSolverMultiSolve.......:      0.027 (sys:      0.000 wall:      0.027)
 LinearSystemScaling................:      0.000 (sys:      0.000 wall:      0.000)
 LinearSystemSymbolicFactorization..:      0.001 (sys:      0.000 wall:      0.001)
 LinearSystemFactorization..........:      0.000 (sys:      0.000 wall:      0.000)
 LinearSystemBackSolve..............:      0.006 (sys:      0.000 wall:      0.006)
 LinearSystemStructureConverter.....:      0.000 (sys:      0.000 wall:      0.000)
  LinearSystemStructureConverterInit:      0.000 (sys:      0.000 wall:      0.000)
QualityFunctionSearch...............:      0.000 (sys:      0.000 wall:      0.000)
TryCorrector........................:      0.000 (sys:      0.000 wall:      0.000)
Task1...............................:      0.000 (sys:      0.000 wall:      0.000)
Task2...............................:      0.000 (sys:      0.000 wall:      0.000)
Task3...............................:      0.000 (sys:      0.000 wall:      0.000)
Task4...............................:      0.000 (sys:      0.000 wall:      0.000)
Task5...............................:      0.000 (sys:      0.000 wall:      0.000)
Task6...............................:      0.000 (sys:      0.000 wall:      0.000)
Function Evaluations................:      0.021 (sys:      0.000 wall:      0.021)
 Objective function.................:      0.000 (sys:      0.000 wall:      0.000)
 Objective function gradient........:      0.000 (sys:      0.000 wall:      0.000)
 Equality constraints...............:      0.001 (sys:      0.000 wall:      0.001)
 Inequality constraints.............:      0.000 (sys:      0.000 wall:      0.000)
 Equality constraint Jacobian.......:      0.004 (sys:      0.000 wall:      0.005)
 Inequality constraint Jacobian.....:      0.000 (sys:      0.000 wall:      0.000)
 Lagrangian Hessian.................:      0.016 (sys:      0.000 wall:      0.016)

EXIT: Optimal Solution Found.
Total number of variables............................:     1900
                     variables with only lower bounds:        0
                variables with lower and upper bounds:      600
                     variables with only upper bounds:        0
Total number of equality constraints.................:     1300
Total number of inequality constraints...............:        0
        inequality constraints with only lower bounds:        0
   inequality constraints with lower and upper bounds:        0
        inequality constraints with only upper bounds:        0


Number of Iterations....: 20

                                   (scaled)                 (unscaled)
Objective...............:   2.9893990293304764e+01    5.9793959153587837e+05
Dual infeasibility......:   2.2587073430756503e-09    4.5178664101601233e-05
Constraint violation....:   4.5297099404706387e-14    4.5297099404706387e-14
Variable bound violation:   9.9995783750203050e-09    9.9995783750203050e-09
Complementarity.........:   2.5614264083925108e-09    5.1233650822668905e-05
Overall NLP error.......:   2.5614264083925108e-09    5.1233650822668905e-05


Number of objective function evaluations             = 21
Number of objective gradient evaluations             = 21
Number of equality constraint evaluations            = 21
Number of inequality constraint evaluations          = 0
Number of equality constraint Jacobian evaluations   = 21
Number of inequality constraint Jacobian evaluations = 0
Number of Lagrangian Hessian evaluations             = 20
Total seconds in IPOPT (w/o function evaluations)    =      0.037
Total seconds in NLP function evaluations            =      0.026


Timing Statistics:

OverallAlgorithm....................:      0.062 (sys:      0.000 wall:      0.062)
 PrintProblemStatistics.............:      0.000 (sys:      0.000 wall:      0.000)
 InitializeIterates.................:      0.003 (sys:      0.000 wall:      0.003)
 UpdateHessian......................:      0.019 (sys:      0.000 wall:      0.019)
 OutputIteration....................:      0.000 (sys:      0.000 wall:      0.000)
 UpdateBarrierParameter.............:      0.000 (sys:      0.000 wall:      0.000)
 ComputeSearchDirection.............:      0.031 (sys:      0.000 wall:      0.031)
 ComputeAcceptableTrialPoint........:      0.002 (sys:      0.000 wall:      0.002)
 AcceptTrialPoint...................:      0.000 (sys:      0.000 wall:      0.000)
 CheckConvergence...................:      0.006 (sys:      0.000 wall:      0.006)
PDSystemSolverTotal.................:      0.031 (sys:      0.000 wall:      0.031)
 PDSystemSolverSolveOnce............:      0.029 (sys:      0.000 wall:      0.029)
 ComputeResiduals...................:      0.001 (sys:      0.000 wall:      0.001)
 StdAugSystemSolverMultiSolve.......:      0.032 (sys:      0.000 wall:      0.032)
 LinearSystemScaling................:      0.000 (sys:      0.000 wall:      0.000)
 LinearSystemSymbolicFactorization..:      0.001 (sys:      0.000 wall:      0.001)
 LinearSystemFactorization..........:      0.000 (sys:      0.000 wall:      0.000)
 LinearSystemBackSolve..............:      0.007 (sys:      0.000 wall:      0.007)
 LinearSystemStructureConverter.....:      0.000 (sys:      0.000 wall:      0.000)
  LinearSystemStructureConverterInit:      0.000 (sys:      0.000 wall:      0.000)
QualityFunctionSearch...............:      0.000 (sys:      0.000 wall:      0.000)
TryCorrector........................:      0.000 (sys:      0.000 wall:      0.000)
Task1...............................:      0.000 (sys:      0.000 wall:      0.000)
Task2...............................:      0.000 (sys:      0.000 wall:      0.000)
Task3...............................:      0.000 (sys:      0.000 wall:      0.000)
Task4...............................:      0.000 (sys:      0.000 wall:      0.000)
Task5...............................:      0.000 (sys:      0.000 wall:      0.000)
Task6...............................:      0.000 (sys:      0.000 wall:      0.000)
Function Evaluations................:      0.025 (sys:      0.000 wall:      0.026)
 Objective function.................:      0.000 (sys:      0.000 wall:      0.000)
 Objective function gradient........:      0.000 (sys:      0.000 wall:      0.000)
 Equality constraints...............:      0.001 (sys:      0.000 wall:      0.001)
 Inequality constraints.............:      0.000 (sys:      0.000 wall:      0.000)
 Equality constraint Jacobian.......:      0.005 (sys:      0.000 wall:      0.005)
 Inequality constraint Jacobian.....:      0.000 (sys:      0.000 wall:      0.000)
 Lagrangian Hessian.................:      0.019 (sys:      0.000 wall:      0.019)

EXIT: Optimal Solution Found.
Total number of variables............................:     1900
                     variables with only lower bounds:        0
                variables with lower and upper bounds:      600
                     variables with only upper bounds:        0
Total number of equality constraints.................:     1300
Total number of inequality constraints...............:        0
        inequality constraints with only lower bounds:        0
   inequality constraints with lower and upper bounds:        0
        inequality constraints with only upper bounds:        0


Number of Iterations....: 16

                                   (scaled)                 (unscaled)
Objective...............:   1.3815206659158179e+01    2.7633176243151462e+05
Dual infeasibility......:   1.3809772628145534e-06    2.7622307094365795e-02
Constraint violation....:   3.6504133049675147e-12    3.6504133049675147e-12
Variable bound violation:   9.9993365597854768e-09    9.9993365597854768e-09
Complementarity.........:   4.0800490354971497e-09    8.1609140463963876e-05
Overall NLP error.......:   1.3809772628145534e-06    2.7622307094365795e-02


Number of objective function evaluations             = 17
Number of objective gradient evaluations             = 17
Number of equality constraint evaluations            = 17
Number of inequality constraint evaluations          = 0
Number of equality constraint Jacobian evaluations   = 17
Number of inequality constraint Jacobian evaluations = 0
Number of Lagrangian Hessian evaluations             = 16
Total seconds in IPOPT (w/o function evaluations)    =      0.029
Total seconds in NLP function evaluations            =      0.020


Timing Statistics:

OverallAlgorithm....................:      0.050 (sys:      0.000 wall:      0.050)
 PrintProblemStatistics.............:      0.000 (sys:      0.000 wall:      0.000)
 InitializeIterates.................:      0.003 (sys:      0.000 wall:      0.003)
 UpdateHessian......................:      0.015 (sys:      0.000 wall:      0.015)
 OutputIteration....................:      0.000 (sys:      0.000 wall:      0.000)
 UpdateBarrierParameter.............:      0.000 (sys:      0.000 wall:      0.000)
 ComputeSearchDirection.............:      0.025 (sys:      0.000 wall:      0.025)
 ComputeAcceptableTrialPoint........:      0.002 (sys:      0.000 wall:      0.002)
 AcceptTrialPoint...................:      0.000 (sys:      0.000 wall:      0.000)
 CheckConvergence...................:      0.005 (sys:      0.000 wall:      0.005)
PDSystemSolverTotal.................:      0.024 (sys:      0.000 wall:      0.024)
 PDSystemSolverSolveOnce............:      0.023 (sys:      0.000 wall:      0.023)
 ComputeResiduals...................:      0.001 (sys:      0.000 wall:      0.001)
 StdAugSystemSolverMultiSolve.......:      0.026 (sys:      0.000 wall:      0.026)
 LinearSystemScaling................:      0.000 (sys:      0.000 wall:      0.000)
 LinearSystemSymbolicFactorization..:      0.001 (sys:      0.000 wall:      0.001)
 LinearSystemFactorization..........:      0.000 (sys:      0.000 wall:      0.000)
 LinearSystemBackSolve..............:      0.005 (sys:      0.000 wall:      0.005)
 LinearSystemStructureConverter.....:      0.000 (sys:      0.000 wall:      0.000)
  LinearSystemStructureConverterInit:      0.000 (sys:      0.000 wall:      0.000)
QualityFunctionSearch...............:      0.000 (sys:      0.000 wall:      0.000)
TryCorrector........................:      0.000 (sys:      0.000 wall:      0.000)
Task1...............................:      0.000 (sys:      0.000 wall:      0.000)
Task2...............................:      0.000 (sys:      0.000 wall:      0.000)
Task3...............................:      0.000 (sys:      0.000 wall:      0.000)
Task4...............................:      0.000 (sys:      0.000 wall:      0.000)
Task5...............................:      0.000 (sys:      0.000 wall:      0.000)
Task6...............................:      0.000 (sys:      0.000 wall:      0.000)
Function Evaluations................:      0.020 (sys:      0.000 wall:      0.020)
 Objective function.................:      0.000 (sys:      0.000 wall:      0.000)
 Objective function gradient........:      0.000 (sys:      0.000 wall:      0.000)
 Equality constraints...............:      0.001 (sys:      0.000 wall:      0.001)
 Inequality constraints.............:      0.000 (sys:      0.000 wall:      0.000)
 Equality constraint Jacobian.......:      0.004 (sys:      0.000 wall:      0.004)
 Inequality constraint Jacobian.....:      0.000 (sys:      0.000 wall:      0.000)
 Lagrangian Hessian.................:      0.015 (sys:      0.000 wall:      0.015)

EXIT: Optimal Solution Found.
Total number of variables............................:     1900
                     variables with only lower bounds:        0
                variables with lower and upper bounds:      600
                     variables with only upper bounds:        0
Total number of equality constraints.................:     1300
Total number of inequality constraints...............:        0
        inequality constraints with only lower bounds:        0
   inequality constraints with lower and upper bounds:        0
        inequality constraints with only upper bounds:        0


Number of Iterations....: 16

                                   (scaled)                 (unscaled)
Objective...............:   5.8021574422563171e+00    1.1605475234637347e+05
Dual infeasibility......:   7.4491956378666679e-07    1.4899881010400731e-02
Constraint violation....:   5.4331494815304526e-12    5.4331494815304526e-12
Variable bound violation:   9.9991331964176646e-09    9.9991331964176646e-09
Complementarity.........:   4.3638274380449826e-09    8.7285275803835582e-05
Overall NLP error.......:   7.4491956378666679e-07    1.4899881010400731e-02


Number of objective function evaluations             = 18
Number of objective gradient evaluations             = 17
Number of equality constraint evaluations            = 18
Number of inequality constraint evaluations          = 0
Number of equality constraint Jacobian evaluations   = 17
Number of inequality constraint Jacobian evaluations = 0
Number of Lagrangian Hessian evaluations             = 16
Total seconds in IPOPT (w/o function evaluations)    =      0.029
Total seconds in NLP function evaluations            =      0.020


Timing Statistics:

OverallAlgorithm....................:      0.049 (sys:      0.000 wall:      0.049)
 PrintProblemStatistics.............:      0.000 (sys:      0.000 wall:      0.000)
 InitializeIterates.................:      0.003 (sys:      0.000 wall:      0.003)
 UpdateHessian......................:      0.015 (sys:      0.000 wall:      0.015)
 OutputIteration....................:      0.000 (sys:      0.000 wall:      0.000)
 UpdateBarrierParameter.............:      0.000 (sys:      0.000 wall:      0.000)
 ComputeSearchDirection.............:      0.024 (sys:      0.000 wall:      0.024)
 ComputeAcceptableTrialPoint........:      0.002 (sys:      0.000 wall:      0.002)
 AcceptTrialPoint...................:      0.000 (sys:      0.000 wall:      0.000)
 CheckConvergence...................:      0.005 (sys:      0.000 wall:      0.005)
PDSystemSolverTotal.................:      0.024 (sys:      0.000 wall:      0.024)
 PDSystemSolverSolveOnce............:      0.023 (sys:      0.000 wall:      0.023)
 ComputeResiduals...................:      0.001 (sys:      0.000 wall:      0.001)
 StdAugSystemSolverMultiSolve.......:      0.026 (sys:      0.000 wall:      0.026)
 LinearSystemScaling................:      0.000 (sys:      0.000 wall:      0.000)
 LinearSystemSymbolicFactorization..:      0.001 (sys:      0.000 wall:      0.001)
 LinearSystemFactorization..........:      0.000 (sys:      0.000 wall:      0.000)
 LinearSystemBackSolve..............:      0.006 (sys:      0.000 wall:      0.006)
 LinearSystemStructureConverter.....:      0.000 (sys:      0.000 wall:      0.000)
  LinearSystemStructureConverterInit:      0.000 (sys:      0.000 wall:      0.000)
QualityFunctionSearch...............:      0.000 (sys:      0.000 wall:      0.000)
TryCorrector........................:      0.000 (sys:      0.000 wall:      0.000)
Task1...............................:      0.000 (sys:      0.000 wall:      0.000)
Task2...............................:      0.000 (sys:      0.000 wall:      0.000)
Task3...............................:      0.000 (sys:      0.000 wall:      0.000)
Task4...............................:      0.000 (sys:      0.000 wall:      0.000)
Task5...............................:      0.000 (sys:      0.000 wall:      0.000)
Task6...............................:      0.000 (sys:      0.000 wall:      0.000)
Function Evaluations................:      0.020 (sys:      0.000 wall:      0.020)
 Objective function.................:      0.000 (sys:      0.000 wall:      0.000)
 Objective function gradient........:      0.000 (sys:      0.000 wall:      0.000)
 Equality constraints...............:      0.001 (sys:      0.000 wall:      0.001)
 Inequality constraints.............:      0.000 (sys:      0.000 wall:      0.000)
 Equality constraint Jacobian.......:      0.004 (sys:      0.000 wall:      0.004)
 Inequality constraint Jacobian.....:      0.000 (sys:      0.000 wall:      0.000)
 Lagrangian Hessian.................:      0.015 (sys:      0.000 wall:      0.015)

EXIT: Optimal Solution Found.
Total number of variables............................:     1900
                     variables with only lower bounds:        0
                variables with lower and upper bounds:      600
                     variables with only upper bounds:        0
Total number of equality constraints.................:     1300
Total number of inequality constraints...............:        0
        inequality constraints with only lower bounds:        0
   inequality constraints with lower and upper bounds:        0
        inequality constraints with only upper bounds:        0


Number of Iterations....: 17

                                   (scaled)                 (unscaled)
Objective...............:   2.2166574542344777e+00    4.4337581886619679e+04
Dual infeasibility......:   4.0928530096323579e-12    8.1865244951499331e-08
Constraint violation....:   2.2204460492503131e-16    2.2204460492503131e-16
Variable bound violation:   9.9983734783100136e-09    9.9983734783100136e-09
Complementarity.........:   2.5059524285521129e-09    5.0124059895972442e-05
Overall NLP error.......:   2.5059524285521129e-09    5.0124059895972442e-05


Number of objective function evaluations             = 19
Number of objective gradient evaluations             = 18
Number of equality constraint evaluations            = 19
Number of inequality constraint evaluations          = 0
Number of equality constraint Jacobian evaluations   = 18
Number of inequality constraint Jacobian evaluations = 0
Number of Lagrangian Hessian evaluations             = 17
Total seconds in IPOPT (w/o function evaluations)    =      0.031
Total seconds in NLP function evaluations            =      0.022


Timing Statistics:

OverallAlgorithm....................:      0.053 (sys:      0.000 wall:      0.053)
 PrintProblemStatistics.............:      0.000 (sys:      0.000 wall:      0.000)
 InitializeIterates.................:      0.003 (sys:      0.000 wall:      0.003)
 UpdateHessian......................:      0.016 (sys:      0.000 wall:      0.016)
 OutputIteration....................:      0.000 (sys:      0.000 wall:      0.000)
 UpdateBarrierParameter.............:      0.000 (sys:      0.000 wall:      0.000)
 ComputeSearchDirection.............:      0.026 (sys:      0.000 wall:      0.026)
 ComputeAcceptableTrialPoint........:      0.002 (sys:      0.000 wall:      0.002)
 AcceptTrialPoint...................:      0.000 (sys:      0.000 wall:      0.000)
 CheckConvergence...................:      0.005 (sys:      0.000 wall:      0.005)
PDSystemSolverTotal.................:      0.026 (sys:      0.000 wall:      0.026)
 PDSystemSolverSolveOnce............:      0.025 (sys:      0.000 wall:      0.025)
 ComputeResiduals...................:      0.001 (sys:      0.000 wall:      0.001)
 StdAugSystemSolverMultiSolve.......:      0.027 (sys:      0.000 wall:      0.027)
 LinearSystemScaling................:      0.000 (sys:      0.000 wall:      0.000)
 LinearSystemSymbolicFactorization..:      0.001 (sys:      0.000 wall:      0.001)
 LinearSystemFactorization..........:      0.000 (sys:      0.000 wall:      0.000)
 LinearSystemBackSolve..............:      0.006 (sys:      0.000 wall:      0.006)
 LinearSystemStructureConverter.....:      0.000 (sys:      0.000 wall:      0.000)
  LinearSystemStructureConverterInit:      0.000 (sys:      0.000 wall:      0.000)
QualityFunctionSearch...............:      0.000 (sys:      0.000 wall:      0.000)
TryCorrector........................:      0.000 (sys:      0.000 wall:      0.000)
Task1...............................:      0.000 (sys:      0.000 wall:      0.000)
Task2...............................:      0.000 (sys:      0.000 wall:      0.000)
Task3...............................:      0.000 (sys:      0.000 wall:      0.000)
Task4...............................:      0.000 (sys:      0.000 wall:      0.000)
Task5...............................:      0.000 (sys:      0.000 wall:      0.000)
Task6...............................:      0.000 (sys:      0.000 wall:      0.000)
Function Evaluations................:      0.022 (sys:      0.000 wall:      0.022)
 Objective function.................:      0.000 (sys:      0.000 wall:      0.000)
 Objective function gradient........:      0.000 (sys:      0.000 wall:      0.000)
 Equality constraints...............:      0.001 (sys:      0.000 wall:      0.001)
 Inequality constraints.............:      0.000 (sys:      0.000 wall:      0.000)
 Equality constraint Jacobian.......:      0.005 (sys:      0.000 wall:      0.005)
 Inequality constraint Jacobian.....:      0.000 (sys:      0.000 wall:      0.000)
 Lagrangian Hessian.................:      0.016 (sys:      0.000 wall:      0.016)

EXIT: Optimal Solution Found.
Total number of variables............................:     1900
                     variables with only lower bounds:        0
                variables with lower and upper bounds:      600
                     variables with only upper bounds:        0
Total number of equality constraints.................:     1300
Total number of inequality constraints...............:        0
        inequality constraints with only lower bounds:        0
   inequality constraints with lower and upper bounds:        0
        inequality constraints with only upper bounds:        0


Number of Iterations....: 17

                                   (scaled)                 (unscaled)
Objective...............:   7.4249134875835388e-01    1.4851311571567094e+04
Dual infeasibility......:   9.2648713848682718e-11    1.8531595261988148e-06
Constraint violation....:   8.4376949871511897e-15    8.4376949871511897e-15
Variable bound violation:   9.9761652890293989e-09    9.9761652890293989e-09
Complementarity.........:   2.5084658997441370e-09    5.0174333621597522e-05
Overall NLP error.......:   2.5084658997441370e-09    5.0174333621597522e-05


Number of objective function evaluations             = 19
Number of objective gradient evaluations             = 18
Number of equality constraint evaluations            = 19
Number of inequality constraint evaluations          = 0
Number of equality constraint Jacobian evaluations   = 18
Number of inequality constraint Jacobian evaluations = 0
Number of Lagrangian Hessian evaluations             = 17
Total seconds in IPOPT (w/o function evaluations)    =      0.031
Total seconds in NLP function evaluations            =      0.022


Timing Statistics:

OverallAlgorithm....................:      0.053 (sys:      0.000 wall:      0.053)
 PrintProblemStatistics.............:      0.000 (sys:      0.000 wall:      0.000)
 InitializeIterates.................:      0.003 (sys:      0.000 wall:      0.003)
 UpdateHessian......................:      0.016 (sys:      0.000 wall:      0.016)
 OutputIteration....................:      0.000 (sys:      0.000 wall:      0.000)
 UpdateBarrierParameter.............:      0.000 (sys:      0.000 wall:      0.000)
 ComputeSearchDirection.............:      0.026 (sys:      0.000 wall:      0.026)
 ComputeAcceptableTrialPoint........:      0.002 (sys:      0.000 wall:      0.002)
 AcceptTrialPoint...................:      0.000 (sys:      0.000 wall:      0.000)
 CheckConvergence...................:      0.005 (sys:      0.000 wall:      0.005)
PDSystemSolverTotal.................:      0.026 (sys:      0.000 wall:      0.026)
 PDSystemSolverSolveOnce............:      0.025 (sys:      0.000 wall:      0.025)
 ComputeResiduals...................:      0.001 (sys:      0.000 wall:      0.001)
 StdAugSystemSolverMultiSolve.......:      0.027 (sys:      0.000 wall:      0.027)
 LinearSystemScaling................:      0.000 (sys:      0.000 wall:      0.000)
 LinearSystemSymbolicFactorization..:      0.001 (sys:      0.000 wall:      0.001)
 LinearSystemFactorization..........:      0.000 (sys:      0.000 wall:      0.000)
 LinearSystemBackSolve..............:      0.006 (sys:      0.000 wall:      0.006)
 LinearSystemStructureConverter.....:      0.000 (sys:      0.000 wall:      0.000)
  LinearSystemStructureConverterInit:      0.000 (sys:      0.000 wall:      0.000)
QualityFunctionSearch...............:      0.000 (sys:      0.000 wall:      0.000)
TryCorrector........................:      0.000 (sys:      0.000 wall:      0.000)
Task1...............................:      0.000 (sys:      0.000 wall:      0.000)
Task2...............................:      0.000 (sys:      0.000 wall:      0.000)
Task3...............................:      0.000 (sys:      0.000 wall:      0.000)
Task4...............................:      0.000 (sys:      0.000 wall:      0.000)
Task5...............................:      0.000 (sys:      0.000 wall:      0.000)
Task6...............................:      0.000 (sys:      0.000 wall:      0.000)
Function Evaluations................:      0.022 (sys:      0.000 wall:      0.022)
 Objective function.................:      0.000 (sys:      0.000 wall:      0.000)
 Objective function gradient........:      0.000 (sys:      0.000 wall:      0.000)
 Equality constraints...............:      0.001 (sys:      0.000 wall:      0.001)
 Inequality constraints.............:      0.000 (sys:      0.000 wall:      0.000)
 Equality constraint Jacobian.......:      0.004 (sys:      0.000 wall:      0.004)
 Inequality constraint Jacobian.....:      0.000 (sys:      0.000 wall:      0.000)
 Lagrangian Hessian.................:      0.016 (sys:      0.000 wall:      0.016)

EXIT: Optimal Solution Found.
Total number of variables............................:     1900
                     variables with only lower bounds:        0
                variables with lower and upper bounds:      600
                     variables with only upper bounds:        0
Total number of equality constraints.................:     1300
Total number of inequality constraints...............:        0
        inequality constraints with only lower bounds:        0
   inequality constraints with lower and upper bounds:        0
        inequality constraints with only upper bounds:        0


Number of Iterations....: 6

                                   (scaled)                 (unscaled)
Objective...............:   2.3770500148732188e-01    4.6067424977411474e+03
Dual infeasibility......:   6.6587787471428239e-09    1.2904768029945926e-04
Constraint violation....:   1.2252294481990365e-13    1.2252294481990365e-13
Variable bound violation:   0.0000000000000000e+00    0.0000000000000000e+00
Complementarity.........:   2.6925026295820880e-09    5.2180922619910258e-05
Overall NLP error.......:   6.6587787471428239e-09    1.2904768029945926e-04


Number of objective function evaluations             = 7
Number of objective gradient evaluations             = 7
Number of equality constraint evaluations            = 7
Number of inequality constraint evaluations          = 0
Number of equality constraint Jacobian evaluations   = 7
Number of inequality constraint Jacobian evaluations = 0
Number of Lagrangian Hessian evaluations             = 6
Total seconds in IPOPT (w/o function evaluations)    =      0.013
Total seconds in NLP function evaluations            =      0.008


Timing Statistics:

OverallAlgorithm....................:      0.021 (sys:      0.000 wall:      0.021)
 PrintProblemStatistics.............:      0.000 (sys:      0.000 wall:      0.000)
 InitializeIterates.................:      0.003 (sys:      0.000 wall:      0.003)
 UpdateHessian......................:      0.006 (sys:      0.000 wall:      0.006)
 OutputIteration....................:      0.000 (sys:      0.000 wall:      0.000)
 UpdateBarrierParameter.............:      0.000 (sys:      0.000 wall:      0.000)
 ComputeSearchDirection.............:      0.009 (sys:      0.000 wall:      0.009)
 ComputeAcceptableTrialPoint........:      0.001 (sys:      0.000 wall:      0.001)
 AcceptTrialPoint...................:      0.000 (sys:      0.000 wall:      0.000)
 CheckConvergence...................:      0.002 (sys:      0.000 wall:      0.002)
PDSystemSolverTotal.................:      0.009 (sys:      0.000 wall:      0.009)
 PDSystemSolverSolveOnce............:      0.009 (sys:      0.000 wall:      0.009)
 ComputeResiduals...................:      0.000 (sys:      0.000 wall:      0.000)
 StdAugSystemSolverMultiSolve.......:      0.011 (sys:      0.000 wall:      0.011)
 LinearSystemScaling................:      0.000 (sys:      0.000 wall:      0.000)
 LinearSystemSymbolicFactorization..:      0.001 (sys:      0.000 wall:      0.001)
 LinearSystemFactorization..........:      0.000 (sys:      0.000 wall:      0.000)
 LinearSystemBackSolve..............:      0.002 (sys:      0.000 wall:      0.002)
 LinearSystemStructureConverter.....:      0.000 (sys:      0.000 wall:      0.000)
  LinearSystemStructureConverterInit:      0.000 (sys:      0.000 wall:      0.000)
QualityFunctionSearch...............:      0.000 (sys:      0.000 wall:      0.000)
TryCorrector........................:      0.000 (sys:      0.000 wall:      0.000)
Task1...............................:      0.000 (sys:      0.000 wall:      0.000)
Task2...............................:      0.000 (sys:      0.000 wall:      0.000)
Task3...............................:      0.000 (sys:      0.000 wall:      0.000)
Task4...............................:      0.000 (sys:      0.000 wall:      0.000)
Task5...............................:      0.000 (sys:      0.000 wall:      0.000)
Task6...............................:      0.000 (sys:      0.000 wall:      0.000)
Function Evaluations................:      0.008 (sys:      0.000 wall:      0.008)
 Objective function.................:      0.000 (sys:      0.000 wall:      0.000)
 Objective function gradient........:      0.000 (sys:      0.000 wall:      0.000)
 Equality constraints...............:      0.000 (sys:      0.000 wall:      0.000)
 Inequality constraints.............:      0.000 (sys:      0.000 wall:      0.000)
 Equality constraint Jacobian.......:      0.002 (sys:      0.000 wall:      0.002)
 Inequality constraint Jacobian.....:      0.000 (sys:      0.000 wall:      0.000)
 Lagrangian Hessian.................:      0.006 (sys:      0.000 wall:      0.006)

EXIT: Optimal Solution Found.
Total number of variables............................:     1900
                     variables with only lower bounds:        0
                variables with lower and upper bounds:      600
                     variables with only upper bounds:        0
Total number of equality constraints.................:     1300
Total number of inequality constraints...............:        0
        inequality constraints with only lower bounds:        0
   inequality constraints with lower and upper bounds:        0
        inequality constraints with only upper bounds:        0


Number of Iterations....: 4

                                   (scaled)                 (unscaled)
Objective...............:   1.5423077287448272e-01    1.4690783613982753e+03
Dual infeasibility......:   4.6445769348590904e-09    4.4240506260083155e-05
Constraint violation....:   3.0226224694289601e-13    3.0226224694289601e-13
Variable bound violation:   0.0000000000000000e+00    0.0000000000000000e+00
Complementarity.........:   4.5104878891089971e-09    4.2963281800005275e-05
Overall NLP error.......:   4.6445769348590904e-09    4.4240506260083155e-05


Number of objective function evaluations             = 5
Number of objective gradient evaluations             = 5
Number of equality constraint evaluations            = 5
Number of inequality constraint evaluations          = 0
Number of equality constraint Jacobian evaluations   = 5
Number of inequality constraint Jacobian evaluations = 0
Number of Lagrangian Hessian evaluations             = 4
Total seconds in IPOPT (w/o function evaluations)    =      0.010
Total seconds in NLP function evaluations            =      0.005


Timing Statistics:

OverallAlgorithm....................:      0.011 (sys:      0.004 wall:      0.015)
 PrintProblemStatistics.............:      0.000 (sys:      0.000 wall:      0.000)
 InitializeIterates.................:      0.003 (sys:      0.000 wall:      0.003)
 UpdateHessian......................:      0.002 (sys:      0.002 wall:      0.004)
 OutputIteration....................:      0.000 (sys:      0.000 wall:      0.000)
 UpdateBarrierParameter.............:      0.000 (sys:      0.000 wall:      0.000)
 ComputeSearchDirection.............:      0.004 (sys:      0.002 wall:      0.006)
 ComputeAcceptableTrialPoint........:      0.000 (sys:      0.000 wall:      0.000)
 AcceptTrialPoint...................:      0.000 (sys:      0.000 wall:      0.000)
 CheckConvergence...................:      0.001 (sys:      0.000 wall:      0.001)
PDSystemSolverTotal.................:      0.004 (sys:      0.002 wall:      0.006)
 PDSystemSolverSolveOnce............:      0.004 (sys:      0.002 wall:      0.006)
 ComputeResiduals...................:      0.000 (sys:      0.000 wall:      0.000)
 StdAugSystemSolverMultiSolve.......:      0.007 (sys:      0.002 wall:      0.008)
 LinearSystemScaling................:      0.000 (sys:      0.000 wall:      0.000)
 LinearSystemSymbolicFactorization..:      0.001 (sys:      0.000 wall:      0.001)
 LinearSystemFactorization..........:      0.000 (sys:      0.000 wall:      0.000)
 LinearSystemBackSolve..............:      0.001 (sys:      0.000 wall:      0.001)
 LinearSystemStructureConverter.....:      0.000 (sys:      0.000 wall:      0.000)
  LinearSystemStructureConverterInit:      0.000 (sys:      0.000 wall:      0.000)
QualityFunctionSearch...............:      0.000 (sys:      0.000 wall:      0.000)
TryCorrector........................:      0.000 (sys:      0.000 wall:      0.000)
Task1...............................:      0.000 (sys:      0.000 wall:      0.000)
Task2...............................:      0.000 (sys:      0.000 wall:      0.000)
Task3...............................:      0.000 (sys:      0.000 wall:      0.000)
Task4...............................:      0.000 (sys:      0.000 wall:      0.000)
Task5...............................:      0.000 (sys:      0.000 wall:      0.000)
Task6...............................:      0.000 (sys:      0.000 wall:      0.000)
Function Evaluations................:      0.003 (sys:      0.002 wall:      0.005)
 Objective function.................:      0.000 (sys:      0.000 wall:      0.000)
 Objective function gradient........:      0.000 (sys:      0.000 wall:      0.000)
 Equality constraints...............:      0.000 (sys:      0.000 wall:      0.000)
 Inequality constraints.............:      0.000 (sys:      0.000 wall:      0.000)
 Equality constraint Jacobian.......:      0.001 (sys:      0.000 wall:      0.001)
 Inequality constraint Jacobian.....:      0.000 (sys:      0.000 wall:      0.000)
 Lagrangian Hessian.................:      0.002 (sys:      0.002 wall:      0.004)

EXIT: Optimal Solution Found.
Total number of variables............................:     1900
                     variables with only lower bounds:        0
                variables with lower and upper bounds:      600
                     variables with only upper bounds:        0
Total number of equality constraints.................:     1300
Total number of inequality constraints...............:        0
        inequality constraints with only lower bounds:        0
   inequality constraints with lower and upper bounds:        0
        inequality constraints with only upper bounds:        0


Number of Iterations....: 4

                                   (scaled)                 (unscaled)
Objective...............:   8.7162685246770691e-02    4.8479153451681947e+02
Dual infeasibility......:   6.6800370833799971e-10    3.7153805199008930e-06
Constraint violation....:   1.3748507921932111e-14    1.3748507921932111e-14
Variable bound violation:   0.0000000000000000e+00    0.0000000000000000e+00
Complementarity.........:   2.8657973301685116e-09    1.5939324051034444e-05
Overall NLP error.......:   2.8657973301685116e-09    1.5939324051034444e-05


Number of objective function evaluations             = 5
Number of objective gradient evaluations             = 5
Number of equality constraint evaluations            = 5
Number of inequality constraint evaluations          = 0
Number of equality constraint Jacobian evaluations   = 5
Number of inequality constraint Jacobian evaluations = 0
Number of Lagrangian Hessian evaluations             = 4
Total seconds in IPOPT (w/o function evaluations)    =      0.010
Total seconds in NLP function evaluations            =      0.005


Timing Statistics:

OverallAlgorithm....................:      0.015 (sys:      0.000 wall:      0.015)
 PrintProblemStatistics.............:      0.000 (sys:      0.000 wall:      0.000)
 InitializeIterates.................:      0.003 (sys:      0.000 wall:      0.003)
 UpdateHessian......................:      0.004 (sys:      0.000 wall:      0.004)
 OutputIteration....................:      0.000 (sys:      0.000 wall:      0.000)
 UpdateBarrierParameter.............:      0.000 (sys:      0.000 wall:      0.000)
 ComputeSearchDirection.............:      0.006 (sys:      0.000 wall:      0.006)
 ComputeAcceptableTrialPoint........:      0.000 (sys:      0.000 wall:      0.000)
 AcceptTrialPoint...................:      0.000 (sys:      0.000 wall:      0.000)
 CheckConvergence...................:      0.001 (sys:      0.000 wall:      0.001)
PDSystemSolverTotal.................:      0.006 (sys:      0.000 wall:      0.006)
 PDSystemSolverSolveOnce............:      0.006 (sys:      0.000 wall:      0.006)
 ComputeResiduals...................:      0.000 (sys:      0.000 wall:      0.000)
 StdAugSystemSolverMultiSolve.......:      0.008 (sys:      0.000 wall:      0.008)
 LinearSystemScaling................:      0.000 (sys:      0.000 wall:      0.000)
 LinearSystemSymbolicFactorization..:      0.001 (sys:      0.000 wall:      0.001)
 LinearSystemFactorization..........:      0.000 (sys:      0.000 wall:      0.000)
 LinearSystemBackSolve..............:      0.001 (sys:      0.000 wall:      0.001)
 LinearSystemStructureConverter.....:      0.000 (sys:      0.000 wall:      0.000)
  LinearSystemStructureConverterInit:      0.000 (sys:      0.000 wall:      0.000)
QualityFunctionSearch...............:      0.000 (sys:      0.000 wall:      0.000)
TryCorrector........................:      0.000 (sys:      0.000 wall:      0.000)
Task1...............................:      0.000 (sys:      0.000 wall:      0.000)
Task2...............................:      0.000 (sys:      0.000 wall:      0.000)
Task3...............................:      0.000 (sys:      0.000 wall:      0.000)
Task4...............................:      0.000 (sys:      0.000 wall:      0.000)
Task5...............................:      0.000 (sys:      0.000 wall:      0.000)
Task6...............................:      0.000 (sys:      0.000 wall:      0.000)
Function Evaluations................:      0.005 (sys:      0.000 wall:      0.005)
 Objective function.................:      0.000 (sys:      0.000 wall:      0.000)
 Objective function gradient........:      0.000 (sys:      0.000 wall:      0.000)
 Equality constraints...............:      0.000 (sys:      0.000 wall:      0.000)
 Inequality constraints.............:      0.000 (sys:      0.000 wall:      0.000)
 Equality constraint Jacobian.......:      0.001 (sys:      0.000 wall:      0.001)
 Inequality constraint Jacobian.....:      0.000 (sys:      0.000 wall:      0.000)
 Lagrangian Hessian.................:      0.004 (sys:      0.000 wall:      0.004)

EXIT: Optimal Solution Found.
Total number of variables............................:     1900
                     variables with only lower bounds:        0
                variables with lower and upper bounds:      600
                     variables with only upper bounds:        0
Total number of equality constraints.................:     1300
Total number of inequality constraints...............:        0
        inequality constraints with only lower bounds:        0
   inequality constraints with lower and upper bounds:        0
        inequality constraints with only upper bounds:        0


Number of Iterations....: 4

                                   (scaled)                 (unscaled)
Objective...............:   5.5554210995497864e-02    1.7189578202449488e+02
Dual infeasibility......:   9.4690848911893610e-11    2.9299232646094702e-07
Constraint violation....:   1.1989327851910994e-15    1.1989327851910994e-15
Variable bound violation:   0.0000000000000000e+00    0.0000000000000000e+00
Complementarity.........:   3.0100299992692912e-09    9.3136317008177081e-06
Overall NLP error.......:   3.0100299992692912e-09    9.3136317008177081e-06


Number of objective function evaluations             = 5
Number of objective gradient evaluations             = 5
Number of equality constraint evaluations            = 5
Number of inequality constraint evaluations          = 0
Number of equality constraint Jacobian evaluations   = 5
Number of inequality constraint Jacobian evaluations = 0
Number of Lagrangian Hessian evaluations             = 4
Total seconds in IPOPT (w/o function evaluations)    =      0.010
Total seconds in NLP function evaluations            =      0.005


Timing Statistics:

OverallAlgorithm....................:      0.015 (sys:      0.000 wall:      0.015)
 PrintProblemStatistics.............:      0.000 (sys:      0.000 wall:      0.000)
 InitializeIterates.................:      0.003 (sys:      0.000 wall:      0.003)
 UpdateHessian......................:      0.004 (sys:      0.000 wall:      0.004)
 OutputIteration....................:      0.000 (sys:      0.000 wall:      0.000)
 UpdateBarrierParameter.............:      0.000 (sys:      0.000 wall:      0.000)
 ComputeSearchDirection.............:      0.006 (sys:      0.000 wall:      0.006)
 ComputeAcceptableTrialPoint........:      0.000 (sys:      0.000 wall:      0.000)
 AcceptTrialPoint...................:      0.000 (sys:      0.000 wall:      0.000)
 CheckConvergence...................:      0.001 (sys:      0.000 wall:      0.001)
PDSystemSolverTotal.................:      0.006 (sys:      0.000 wall:      0.006)
 PDSystemSolverSolveOnce............:      0.006 (sys:      0.000 wall:      0.006)
 ComputeResiduals...................:      0.000 (sys:      0.000 wall:      0.000)
 StdAugSystemSolverMultiSolve.......:      0.008 (sys:      0.000 wall:      0.008)
 LinearSystemScaling................:      0.000 (sys:      0.000 wall:      0.000)
 LinearSystemSymbolicFactorization..:      0.001 (sys:      0.000 wall:      0.001)
 LinearSystemFactorization..........:      0.000 (sys:      0.000 wall:      0.000)
 LinearSystemBackSolve..............:      0.001 (sys:      0.000 wall:      0.001)
 LinearSystemStructureConverter.....:      0.000 (sys:      0.000 wall:      0.000)
  LinearSystemStructureConverterInit:      0.000 (sys:      0.000 wall:      0.000)
QualityFunctionSearch...............:      0.000 (sys:      0.000 wall:      0.000)
TryCorrector........................:      0.000 (sys:      0.000 wall:      0.000)
Task1...............................:      0.000 (sys:      0.000 wall:      0.000)
Task2...............................:      0.000 (sys:      0.000 wall:      0.000)
Task3...............................:      0.000 (sys:      0.000 wall:      0.000)
Task4...............................:      0.000 (sys:      0.000 wall:      0.000)
Task5...............................:      0.000 (sys:      0.000 wall:      0.000)
Task6...............................:      0.000 (sys:      0.000 wall:      0.000)
Function Evaluations................:      0.005 (sys:      0.000 wall:      0.005)
 Objective function.................:      0.000 (sys:      0.000 wall:      0.000)
 Objective function gradient........:      0.000 (sys:      0.000 wall:      0.000)
 Equality constraints...............:      0.000 (sys:      0.000 wall:      0.000)
 Inequality constraints.............:      0.000 (sys:      0.000 wall:      0.000)
 Equality constraint Jacobian.......:      0.001 (sys:      0.000 wall:      0.001)
 Inequality constraint Jacobian.....:      0.000 (sys:      0.000 wall:      0.000)
 Lagrangian Hessian.................:      0.004 (sys:      0.000 wall:      0.004)

EXIT: Optimal Solution Found.
Total number of variables............................:     1900
                     variables with only lower bounds:        0
                variables with lower and upper bounds:      600
                     variables with only upper bounds:        0
Total number of equality constraints.................:     1300
Total number of inequality constraints...............:        0
        inequality constraints with only lower bounds:        0
   inequality constraints with lower and upper bounds:        0
        inequality constraints with only upper bounds:        0


Number of Iterations....: 4

                                   (scaled)                 (unscaled)
Objective...............:   4.1405173703135734e-02    7.2063264013672310e+01
Dual infeasibility......:   1.9520034894027205e-11    3.3973470035650326e-08
Constraint violation....:   1.1102230246251565e-16    1.1102230246251565e-16
Variable bound violation:   0.0000000000000000e+00    0.0000000000000000e+00
Complementarity.........:   5.2441747669393371e-09    9.1271770400800795e-06
Overall NLP error.......:   5.2441747669393371e-09    9.1271770400800795e-06


Number of objective function evaluations             = 5
Number of objective gradient evaluations             = 5
Number of equality constraint evaluations            = 5
Number of inequality constraint evaluations          = 0
Number of equality constraint Jacobian evaluations   = 5
Number of inequality constraint Jacobian evaluations = 0
Number of Lagrangian Hessian evaluations             = 4
Total seconds in IPOPT (w/o function evaluations)    =      0.010
Total seconds in NLP function evaluations            =      0.005


Timing Statistics:

OverallAlgorithm....................:      0.015 (sys:      0.000 wall:      0.015)
 PrintProblemStatistics.............:      0.000 (sys:      0.000 wall:      0.000)
 InitializeIterates.................:      0.003 (sys:      0.000 wall:      0.003)
 UpdateHessian......................:      0.004 (sys:      0.000 wall:      0.004)
 OutputIteration....................:      0.000 (sys:      0.000 wall:      0.000)
 UpdateBarrierParameter.............:      0.000 (sys:      0.000 wall:      0.000)
 ComputeSearchDirection.............:      0.006 (sys:      0.000 wall:      0.006)
 ComputeAcceptableTrialPoint........:      0.000 (sys:      0.000 wall:      0.000)
 AcceptTrialPoint...................:      0.000 (sys:      0.000 wall:      0.000)
 CheckConvergence...................:      0.001 (sys:      0.000 wall:      0.001)
PDSystemSolverTotal.................:      0.006 (sys:      0.000 wall:      0.006)
 PDSystemSolverSolveOnce............:      0.006 (sys:      0.000 wall:      0.006)
 ComputeResiduals...................:      0.000 (sys:      0.000 wall:      0.000)
 StdAugSystemSolverMultiSolve.......:      0.008 (sys:      0.000 wall:      0.008)
 LinearSystemScaling................:      0.000 (sys:      0.000 wall:      0.000)
 LinearSystemSymbolicFactorization..:      0.001 (sys:      0.000 wall:      0.001)
 LinearSystemFactorization..........:      0.000 (sys:      0.000 wall:      0.000)
 LinearSystemBackSolve..............:      0.001 (sys:      0.000 wall:      0.001)
 LinearSystemStructureConverter.....:      0.000 (sys:      0.000 wall:      0.000)
  LinearSystemStructureConverterInit:      0.000 (sys:      0.000 wall:      0.000)
QualityFunctionSearch...............:      0.000 (sys:      0.000 wall:      0.000)
TryCorrector........................:      0.000 (sys:      0.000 wall:      0.000)
Task1...............................:      0.000 (sys:      0.000 wall:      0.000)
Task2...............................:      0.000 (sys:      0.000 wall:      0.000)
Task3...............................:      0.000 (sys:      0.000 wall:      0.000)
Task4...............................:      0.000 (sys:      0.000 wall:      0.000)
Task5...............................:      0.000 (sys:      0.000 wall:      0.000)
Task6...............................:      0.000 (sys:      0.000 wall:      0.000)
Function Evaluations................:      0.005 (sys:      0.000 wall:      0.005)
 Objective function.................:      0.000 (sys:      0.000 wall:      0.000)
 Objective function gradient........:      0.000 (sys:      0.000 wall:      0.000)
 Equality constraints...............:      0.000 (sys:      0.000 wall:      0.000)
 Inequality constraints.............:      0.000 (sys:      0.000 wall:      0.000)
 Equality constraint Jacobian.......:      0.001 (sys:      0.000 wall:      0.001)
 Inequality constraint Jacobian.....:      0.000 (sys:      0.000 wall:      0.000)
 Lagrangian Hessian.................:      0.004 (sys:      0.000 wall:      0.004)

EXIT: Optimal Solution Found.
Total number of variables............................:     1900
                     variables with only lower bounds:        0
                variables with lower and upper bounds:      600
                     variables with only upper bounds:        0
Total number of equality constraints.................:     1300
Total number of inequality constraints...............:        0
        inequality constraints with only lower bounds:        0
   inequality constraints with lower and upper bounds:        0
        inequality constraints with only upper bounds:        0


Number of Iterations....: 4

                                   (scaled)                 (unscaled)
Objective...............:   3.9745385330485203e-02    3.8446516905028091e+01
Dual infeasibility......:   5.7732915670349882e-12    5.5846219626261480e-09
Constraint violation....:   1.1102230246251565e-16    1.1102230246251565e-16
Variable bound violation:   0.0000000000000000e+00    0.0000000000000000e+00
Complementarity.........:   9.4059139382118886e-09    9.0985312188011964e-06
Overall NLP error.......:   9.4059139382118886e-09    9.0985312188011964e-06


Number of objective function evaluations             = 5
Number of objective gradient evaluations             = 5
Number of equality constraint evaluations            = 5
Number of inequality constraint evaluations          = 0
Number of equality constraint Jacobian evaluations   = 5
Number of inequality constraint Jacobian evaluations = 0
Number of Lagrangian Hessian evaluations             = 4
Total seconds in IPOPT (w/o function evaluations)    =      0.010
Total seconds in NLP function evaluations            =      0.005


Timing Statistics:

OverallAlgorithm....................:      0.015 (sys:      0.000 wall:      0.015)
 PrintProblemStatistics.............:      0.000 (sys:      0.000 wall:      0.000)
 InitializeIterates.................:      0.003 (sys:      0.000 wall:      0.003)
 UpdateHessian......................:      0.004 (sys:      0.000 wall:      0.004)
 OutputIteration....................:      0.000 (sys:      0.000 wall:      0.000)
 UpdateBarrierParameter.............:      0.000 (sys:      0.000 wall:      0.000)
 ComputeSearchDirection.............:      0.006 (sys:      0.000 wall:      0.006)
 ComputeAcceptableTrialPoint........:      0.000 (sys:      0.000 wall:      0.000)
 AcceptTrialPoint...................:      0.000 (sys:      0.000 wall:      0.000)
 CheckConvergence...................:      0.001 (sys:      0.000 wall:      0.001)
PDSystemSolverTotal.................:      0.006 (sys:      0.000 wall:      0.006)
 PDSystemSolverSolveOnce............:      0.006 (sys:      0.000 wall:      0.006)
 ComputeResiduals...................:      0.000 (sys:      0.000 wall:      0.000)
 StdAugSystemSolverMultiSolve.......:      0.009 (sys:      0.000 wall:      0.009)
 LinearSystemScaling................:      0.000 (sys:      0.000 wall:      0.000)
 LinearSystemSymbolicFactorization..:      0.001 (sys:      0.000 wall:      0.001)
 LinearSystemFactorization..........:      0.000 (sys:      0.000 wall:      0.000)
 LinearSystemBackSolve..............:      0.001 (sys:      0.000 wall:      0.001)
 LinearSystemStructureConverter.....:      0.000 (sys:      0.000 wall:      0.000)
  LinearSystemStructureConverterInit:      0.000 (sys:      0.000 wall:      0.000)
QualityFunctionSearch...............:      0.000 (sys:      0.000 wall:      0.000)
TryCorrector........................:      0.000 (sys:      0.000 wall:      0.000)
Task1...............................:      0.000 (sys:      0.000 wall:      0.000)
Task2...............................:      0.000 (sys:      0.000 wall:      0.000)
Task3...............................:      0.000 (sys:      0.000 wall:      0.000)
Task4...............................:      0.000 (sys:      0.000 wall:      0.000)
Task5...............................:      0.000 (sys:      0.000 wall:      0.000)
Task6...............................:      0.000 (sys:      0.000 wall:      0.000)
Function Evaluations................:      0.005 (sys:      0.000 wall:      0.005)
 Objective function.................:      0.000 (sys:      0.000 wall:      0.000)
 Objective function gradient........:      0.000 (sys:      0.000 wall:      0.000)
 Equality constraints...............:      0.000 (sys:      0.000 wall:      0.000)
 Inequality constraints.............:      0.000 (sys:      0.000 wall:      0.000)
 Equality constraint Jacobian.......:      0.001 (sys:      0.000 wall:      0.001)
 Inequality constraint Jacobian.....:      0.000 (sys:      0.000 wall:      0.000)
 Lagrangian Hessian.................:      0.004 (sys:      0.000 wall:      0.004)

EXIT: Optimal Solution Found.
Total number of variables............................:     1900
                     variables with only lower bounds:        0
                variables with lower and upper bounds:      600
                     variables with only upper bounds:        0
Total number of equality constraints.................:     1300
Total number of inequality constraints...............:        0
        inequality constraints with only lower bounds:        0
   inequality constraints with lower and upper bounds:        0
        inequality constraints with only upper bounds:        0


Number of Iterations....: 4

                                   (scaled)                 (unscaled)
Objective...............:   4.7834097657264679e-02    2.5859671174189582e+01
Dual infeasibility......:   2.1954382756206314e-12    1.1868795414008826e-09
Constraint violation....:   1.1102230246251565e-16    1.1102230246251565e-16
Variable bound violation:   0.0000000000000000e+00    0.0000000000000000e+00
Complementarity.........:   1.6819474736465808e-08    9.0928042402727011e-06
Overall NLP error.......:   1.6819474736465808e-08    9.0928042402727011e-06


Number of objective function evaluations             = 5
Number of objective gradient evaluations             = 5
Number of equality constraint evaluations            = 5
Number of inequality constraint evaluations          = 0
Number of equality constraint Jacobian evaluations   = 5
Number of inequality constraint Jacobian evaluations = 0
Number of Lagrangian Hessian evaluations             = 4
Total seconds in IPOPT (w/o function evaluations)    =      0.010
Total seconds in NLP function evaluations            =      0.005


Timing Statistics:

OverallAlgorithm....................:      0.015 (sys:      0.000 wall:      0.015)
 PrintProblemStatistics.............:      0.000 (sys:      0.000 wall:      0.000)
 InitializeIterates.................:      0.003 (sys:      0.000 wall:      0.003)
 UpdateHessian......................:      0.004 (sys:      0.000 wall:      0.004)
 OutputIteration....................:      0.000 (sys:      0.000 wall:      0.000)
 UpdateBarrierParameter.............:      0.000 (sys:      0.000 wall:      0.000)
 ComputeSearchDirection.............:      0.006 (sys:      0.000 wall:      0.006)
 ComputeAcceptableTrialPoint........:      0.000 (sys:      0.000 wall:      0.000)
 AcceptTrialPoint...................:      0.000 (sys:      0.000 wall:      0.000)
 CheckConvergence...................:      0.001 (sys:      0.000 wall:      0.001)
PDSystemSolverTotal.................:      0.006 (sys:      0.000 wall:      0.006)
 PDSystemSolverSolveOnce............:      0.006 (sys:      0.000 wall:      0.006)
 ComputeResiduals...................:      0.000 (sys:      0.000 wall:      0.000)
 StdAugSystemSolverMultiSolve.......:      0.009 (sys:      0.000 wall:      0.009)
 LinearSystemScaling................:      0.000 (sys:      0.000 wall:      0.000)
 LinearSystemSymbolicFactorization..:      0.001 (sys:      0.000 wall:      0.001)
 LinearSystemFactorization..........:      0.000 (sys:      0.000 wall:      0.000)
 LinearSystemBackSolve..............:      0.001 (sys:      0.000 wall:      0.001)
 LinearSystemStructureConverter.....:      0.000 (sys:      0.000 wall:      0.000)
  LinearSystemStructureConverterInit:      0.000 (sys:      0.000 wall:      0.000)
QualityFunctionSearch...............:      0.000 (sys:      0.000 wall:      0.000)
TryCorrector........................:      0.000 (sys:      0.000 wall:      0.000)
Task1...............................:      0.000 (sys:      0.000 wall:      0.000)
Task2...............................:      0.000 (sys:      0.000 wall:      0.000)
Task3...............................:      0.000 (sys:      0.000 wall:      0.000)
Task4...............................:      0.000 (sys:      0.000 wall:      0.000)
Task5...............................:      0.000 (sys:      0.000 wall:      0.000)
Task6...............................:      0.000 (sys:      0.000 wall:      0.000)
Function Evaluations................:      0.005 (sys:      0.000 wall:      0.005)
 Objective function.................:      0.000 (sys:      0.000 wall:      0.000)
 Objective function gradient........:      0.000 (sys:      0.000 wall:      0.000)
 Equality constraints...............:      0.000 (sys:      0.000 wall:      0.000)
 Inequality constraints.............:      0.000 (sys:      0.000 wall:      0.000)
 Equality constraint Jacobian.......:      0.001 (sys:      0.000 wall:      0.001)
 Inequality constraint Jacobian.....:      0.000 (sys:      0.000 wall:      0.000)
 Lagrangian Hessian.................:      0.004 (sys:      0.000 wall:      0.004)

EXIT: Optimal Solution Found.
Total number of variables............................:     1900
                     variables with only lower bounds:        0
                variables with lower and upper bounds:      600
                     variables with only upper bounds:        0
Total number of equality constraints.................:     1300
Total number of inequality constraints...............:        0
        inequality constraints with only lower bounds:        0
   inequality constraints with lower and upper bounds:        0
        inequality constraints with only upper bounds:        0


Number of Iterations....: 4

                                   (scaled)                 (unscaled)
Objective...............:   6.6714841484693949e-02    2.0077486182733058e+01
Dual infeasibility......:   9.3638985454447266e-13    2.8180167932470225e-10
Constraint violation....:   1.1102230246251565e-16    1.1102230246251565e-16
Variable bound violation:   0.0000000000000000e+00    0.0000000000000000e+00
Complementarity.........:   3.0209552940241419e-08    9.0914085718601837e-06
Overall NLP error.......:   3.0209552940241419e-08    9.0914085718601837e-06


Number of objective function evaluations             = 5
Number of objective gradient evaluations             = 5
Number of equality constraint evaluations            = 5
Number of inequality constraint evaluations          = 0
Number of equality constraint Jacobian evaluations   = 5
Number of inequality constraint Jacobian evaluations = 0
Number of Lagrangian Hessian evaluations             = 4
Total seconds in IPOPT (w/o function evaluations)    =      0.010
Total seconds in NLP function evaluations            =      0.005


Timing Statistics:

OverallAlgorithm....................:      0.015 (sys:      0.000 wall:      0.015)
 PrintProblemStatistics.............:      0.000 (sys:      0.000 wall:      0.000)
 InitializeIterates.................:      0.003 (sys:      0.000 wall:      0.003)
 UpdateHessian......................:      0.004 (sys:      0.000 wall:      0.004)
 OutputIteration....................:      0.000 (sys:      0.000 wall:      0.000)
 UpdateBarrierParameter.............:      0.000 (sys:      0.000 wall:      0.000)
 ComputeSearchDirection.............:      0.006 (sys:      0.000 wall:      0.006)
 ComputeAcceptableTrialPoint........:      0.000 (sys:      0.000 wall:      0.000)
 AcceptTrialPoint...................:      0.000 (sys:      0.000 wall:      0.000)
 CheckConvergence...................:      0.001 (sys:      0.000 wall:      0.001)
PDSystemSolverTotal.................:      0.006 (sys:      0.000 wall:      0.006)
 PDSystemSolverSolveOnce............:      0.006 (sys:      0.000 wall:      0.006)
 ComputeResiduals...................:      0.000 (sys:      0.000 wall:      0.000)
 StdAugSystemSolverMultiSolve.......:      0.009 (sys:      0.000 wall:      0.009)
 LinearSystemScaling................:      0.000 (sys:      0.000 wall:      0.000)
 LinearSystemSymbolicFactorization..:      0.001 (sys:      0.000 wall:      0.001)
 LinearSystemFactorization..........:      0.000 (sys:      0.000 wall:      0.000)
 LinearSystemBackSolve..............:      0.001 (sys:      0.000 wall:      0.001)
 LinearSystemStructureConverter.....:      0.000 (sys:      0.000 wall:      0.000)
  LinearSystemStructureConverterInit:      0.000 (sys:      0.000 wall:      0.000)
QualityFunctionSearch...............:      0.000 (sys:      0.000 wall:      0.000)
TryCorrector........................:      0.000 (sys:      0.000 wall:      0.000)
Task1...............................:      0.000 (sys:      0.000 wall:      0.000)
Task2...............................:      0.000 (sys:      0.000 wall:      0.000)
Task3...............................:      0.000 (sys:      0.000 wall:      0.000)
Task4...............................:      0.000 (sys:      0.000 wall:      0.000)
Task5...............................:      0.000 (sys:      0.000 wall:      0.000)
Task6...............................:      0.000 (sys:      0.000 wall:      0.000)
Function Evaluations................:      0.005 (sys:      0.000 wall:      0.005)
 Objective function.................:      0.000 (sys:      0.000 wall:      0.000)
 Objective function gradient........:      0.000 (sys:      0.000 wall:      0.000)
 Equality constraints...............:      0.000 (sys:      0.000 wall:      0.000)
 Inequality constraints.............:      0.000 (sys:      0.000 wall:      0.000)
 Equality constraint Jacobian.......:      0.001 (sys:      0.000 wall:      0.001)
 Inequality constraint Jacobian.....:      0.000 (sys:      0.000 wall:      0.000)
 Lagrangian Hessian.................:      0.004 (sys:      0.000 wall:      0.004)

EXIT: Optimal Solution Found.
Total number of variables............................:     1900
                     variables with only lower bounds:        0
                variables with lower and upper bounds:      600
                     variables with only upper bounds:        0
Total number of equality constraints.................:     1300
Total number of inequality constraints...............:        0
        inequality constraints with only lower bounds:        0
   inequality constraints with lower and upper bounds:        0
        inequality constraints with only upper bounds:        0


Number of Iterations....: 4

                                   (scaled)                 (unscaled)
Objective...............:   9.9256132837273747e-02    1.6666243281592116e+01
Dual infeasibility......:   6.9566574723012309e-13    1.1681025901962040e-10
Constraint violation....:   1.1102230246251565e-16    1.1102230246251565e-16
Variable bound violation:   0.0000000000000000e+00    0.0000000000000000e+00
Complementarity.........:   5.4141887843806608e-08    9.0910440366330537e-06
Overall NLP error.......:   5.4141887843806608e-08    9.0910440366330537e-06


Number of objective function evaluations             = 5
Number of objective gradient evaluations             = 5
Number of equality constraint evaluations            = 5
Number of inequality constraint evaluations          = 0
Number of equality constraint Jacobian evaluations   = 5
Number of inequality constraint Jacobian evaluations = 0
Number of Lagrangian Hessian evaluations             = 4
Total seconds in IPOPT (w/o function evaluations)    =      0.010
Total seconds in NLP function evaluations            =      0.005


Timing Statistics:

OverallAlgorithm....................:      0.015 (sys:      0.000 wall:      0.015)
 PrintProblemStatistics.............:      0.000 (sys:      0.000 wall:      0.000)
 InitializeIterates.................:      0.003 (sys:      0.000 wall:      0.003)
 UpdateHessian......................:      0.004 (sys:      0.000 wall:      0.004)
 OutputIteration....................:      0.000 (sys:      0.000 wall:      0.000)
 UpdateBarrierParameter.............:      0.000 (sys:      0.000 wall:      0.000)
 ComputeSearchDirection.............:      0.006 (sys:      0.000 wall:      0.006)
 ComputeAcceptableTrialPoint........:      0.000 (sys:      0.000 wall:      0.000)
 AcceptTrialPoint...................:      0.000 (sys:      0.000 wall:      0.000)
 CheckConvergence...................:      0.001 (sys:      0.000 wall:      0.001)
PDSystemSolverTotal.................:      0.006 (sys:      0.000 wall:      0.006)
 PDSystemSolverSolveOnce............:      0.006 (sys:      0.000 wall:      0.006)
 ComputeResiduals...................:      0.000 (sys:      0.000 wall:      0.000)
 StdAugSystemSolverMultiSolve.......:      0.009 (sys:      0.000 wall:      0.009)
 LinearSystemScaling................:      0.000 (sys:      0.000 wall:      0.000)
 LinearSystemSymbolicFactorization..:      0.001 (sys:      0.000 wall:      0.001)
 LinearSystemFactorization..........:      0.000 (sys:      0.000 wall:      0.000)
 LinearSystemBackSolve..............:      0.002 (sys:      0.000 wall:      0.002)
 LinearSystemStructureConverter.....:      0.000 (sys:      0.000 wall:      0.000)
  LinearSystemStructureConverterInit:      0.000 (sys:      0.000 wall:      0.000)
QualityFunctionSearch...............:      0.000 (sys:      0.000 wall:      0.000)
TryCorrector........................:      0.000 (sys:      0.000 wall:      0.000)
Task1...............................:      0.000 (sys:      0.000 wall:      0.000)
Task2...............................:      0.000 (sys:      0.000 wall:      0.000)
Task3...............................:      0.000 (sys:      0.000 wall:      0.000)
Task4...............................:      0.000 (sys:      0.000 wall:      0.000)
Task5...............................:      0.000 (sys:      0.000 wall:      0.000)
Task6...............................:      0.000 (sys:      0.000 wall:      0.000)
Function Evaluations................:      0.005 (sys:      0.000 wall:      0.005)
 Objective function.................:      0.000 (sys:      0.000 wall:      0.000)
 Objective function gradient........:      0.000 (sys:      0.000 wall:      0.000)
 Equality constraints...............:      0.000 (sys:      0.000 wall:      0.000)
 Inequality constraints.............:      0.000 (sys:      0.000 wall:      0.000)
 Equality constraint Jacobian.......:      0.001 (sys:      0.000 wall:      0.001)
 Inequality constraint Jacobian.....:      0.000 (sys:      0.000 wall:      0.000)
 Lagrangian Hessian.................:      0.004 (sys:      0.000 wall:      0.004)

EXIT: Optimal Solution Found.
Total number of variables............................:     1900
                     variables with only lower bounds:        0
                variables with lower and upper bounds:      600
                     variables with only upper bounds:        0
Total number of equality constraints.................:     1300
Total number of inequality constraints...............:        0
        inequality constraints with only lower bounds:        0
   inequality constraints with lower and upper bounds:        0
        inequality constraints with only upper bounds:        0


Number of Iterations....: 4

                                   (scaled)                 (unscaled)
Objective...............:   1.5187827095346171e-01    1.4207998873867933e+01
Dual infeasibility......:   1.1874945471390674e-12    1.1108844657341434e-10
Constraint violation....:   1.1102230246251565e-16    1.1102230246251565e-16
Variable bound violation:   0.0000000000000000e+00    0.0000000000000000e+00
Complementarity.........:   9.7178852827311749e-08    9.0909451553955340e-06
Overall NLP error.......:   9.7178852827311749e-08    9.0909451553955340e-06


Number of objective function evaluations             = 5
Number of objective gradient evaluations             = 5
Number of equality constraint evaluations            = 5
Number of inequality constraint evaluations          = 0
Number of equality constraint Jacobian evaluations   = 5
Number of inequality constraint Jacobian evaluations = 0
Number of Lagrangian Hessian evaluations             = 4
Total seconds in IPOPT (w/o function evaluations)    =      0.011
Total seconds in NLP function evaluations            =      0.006


Timing Statistics:

OverallAlgorithm....................:      0.016 (sys:      0.000 wall:      0.016)
 PrintProblemStatistics.............:      0.000 (sys:      0.000 wall:      0.000)
 InitializeIterates.................:      0.004 (sys:      0.000 wall:      0.004)
 UpdateHessian......................:      0.004 (sys:      0.000 wall:      0.004)
 OutputIteration....................:      0.000 (sys:      0.000 wall:      0.000)
 UpdateBarrierParameter.............:      0.000 (sys:      0.000 wall:      0.000)
 ComputeSearchDirection.............:      0.006 (sys:      0.000 wall:      0.006)
 ComputeAcceptableTrialPoint........:      0.000 (sys:      0.000 wall:      0.000)
 AcceptTrialPoint...................:      0.000 (sys:      0.000 wall:      0.000)
 CheckConvergence...................:      0.001 (sys:      0.000 wall:      0.001)
PDSystemSolverTotal.................:      0.006 (sys:      0.000 wall:      0.006)
 PDSystemSolverSolveOnce............:      0.006 (sys:      0.000 wall:      0.006)
 ComputeResiduals...................:      0.000 (sys:      0.000 wall:      0.000)
 StdAugSystemSolverMultiSolve.......:      0.009 (sys:      0.000 wall:      0.009)
 LinearSystemScaling................:      0.000 (sys:      0.000 wall:      0.000)
 LinearSystemSymbolicFactorization..:      0.002 (sys:      0.000 wall:      0.002)
 LinearSystemFactorization..........:      0.000 (sys:      0.000 wall:      0.000)
 LinearSystemBackSolve..............:      0.002 (sys:      0.000 wall:      0.002)
 LinearSystemStructureConverter.....:      0.000 (sys:      0.000 wall:      0.000)
  LinearSystemStructureConverterInit:      0.000 (sys:      0.000 wall:      0.000)
QualityFunctionSearch...............:      0.000 (sys:      0.000 wall:      0.000)
TryCorrector........................:      0.000 (sys:      0.000 wall:      0.000)
Task1...............................:      0.000 (sys:      0.000 wall:      0.000)
Task2...............................:      0.000 (sys:      0.000 wall:      0.000)
Task3...............................:      0.000 (sys:      0.000 wall:      0.000)
Task4...............................:      0.000 (sys:      0.000 wall:      0.000)
Task5...............................:      0.000 (sys:      0.000 wall:      0.000)
Task6...............................:      0.000 (sys:      0.000 wall:      0.000)
Function Evaluations................:      0.006 (sys:      0.000 wall:      0.006)
 Objective function.................:      0.000 (sys:      0.000 wall:      0.000)
 Objective function gradient........:      0.000 (sys:      0.000 wall:      0.000)
 Equality constraints...............:      0.000 (sys:      0.000 wall:      0.000)
 Inequality constraints.............:      0.000 (sys:      0.000 wall:      0.000)
 Equality constraint Jacobian.......:      0.001 (sys:      0.000 wall:      0.001)
 Inequality constraint Jacobian.....:      0.000 (sys:      0.000 wall:      0.000)
 Lagrangian Hessian.................:      0.004 (sys:      0.000 wall:      0.004)

EXIT: Optimal Solution Found.
Total number of variables............................:     1900
                     variables with only lower bounds:        0
                variables with lower and upper bounds:      600
                     variables with only upper bounds:        0
Total number of equality constraints.................:     1300
Total number of inequality constraints...............:        0
        inequality constraints with only lower bounds:        0
   inequality constraints with lower and upper bounds:        0
        inequality constraints with only upper bounds:        0


Number of Iterations....: 3

                                   (scaled)                 (unscaled)
Objective...............:   2.3453162974522460e-01    1.2234482991644134e+01
Dual infeasibility......:   6.5763439138777358e-10    3.4305892066218337e-08
Constraint violation....:   1.1102230246251565e-16    1.1102230246251565e-16
Variable bound violation:   0.0000000000000000e+00    0.0000000000000000e+00
Complementarity.........:   1.8463589239393367e-06    9.6316419563302535e-05
Overall NLP error.......:   1.8463589239393367e-06    9.6316419563302535e-05


Number of objective function evaluations             = 4
Number of objective gradient evaluations             = 4
Number of equality constraint evaluations            = 4
Number of inequality constraint evaluations          = 0
Number of equality constraint Jacobian evaluations   = 4
Number of inequality constraint Jacobian evaluations = 0
Number of Lagrangian Hessian evaluations             = 3
Total seconds in IPOPT (w/o function evaluations)    =      0.008
Total seconds in NLP function evaluations            =      0.004


Timing Statistics:

OverallAlgorithm....................:      0.012 (sys:      0.000 wall:      0.012)
 PrintProblemStatistics.............:      0.000 (sys:      0.000 wall:      0.000)
 InitializeIterates.................:      0.003 (sys:      0.000 wall:      0.003)
 UpdateHessian......................:      0.003 (sys:      0.000 wall:      0.003)
 OutputIteration....................:      0.000 (sys:      0.000 wall:      0.000)
 UpdateBarrierParameter.............:      0.000 (sys:      0.000 wall:      0.000)
 ComputeSearchDirection.............:      0.005 (sys:      0.000 wall:      0.005)
 ComputeAcceptableTrialPoint........:      0.000 (sys:      0.000 wall:      0.000)
 AcceptTrialPoint...................:      0.000 (sys:      0.000 wall:      0.000)
 CheckConvergence...................:      0.001 (sys:      0.000 wall:      0.001)
PDSystemSolverTotal.................:      0.005 (sys:      0.000 wall:      0.005)
 PDSystemSolverSolveOnce............:      0.004 (sys:      0.000 wall:      0.004)
 ComputeResiduals...................:      0.000 (sys:      0.000 wall:      0.000)
 StdAugSystemSolverMultiSolve.......:      0.007 (sys:      0.000 wall:      0.007)
 LinearSystemScaling................:      0.000 (sys:      0.000 wall:      0.000)
 LinearSystemSymbolicFactorization..:      0.001 (sys:      0.000 wall:      0.001)
 LinearSystemFactorization..........:      0.000 (sys:      0.000 wall:      0.000)
 LinearSystemBackSolve..............:      0.001 (sys:      0.000 wall:      0.001)
 LinearSystemStructureConverter.....:      0.000 (sys:      0.000 wall:      0.000)
  LinearSystemStructureConverterInit:      0.000 (sys:      0.000 wall:      0.000)
QualityFunctionSearch...............:      0.000 (sys:      0.000 wall:      0.000)
TryCorrector........................:      0.000 (sys:      0.000 wall:      0.000)
Task1...............................:      0.000 (sys:      0.000 wall:      0.000)
Task2...............................:      0.000 (sys:      0.000 wall:      0.000)
Task3...............................:      0.000 (sys:      0.000 wall:      0.000)
Task4...............................:      0.000 (sys:      0.000 wall:      0.000)
Task5...............................:      0.000 (sys:      0.000 wall:      0.000)
Task6...............................:      0.000 (sys:      0.000 wall:      0.000)
Function Evaluations................:      0.004 (sys:      0.000 wall:      0.004)
 Objective function.................:      0.000 (sys:      0.000 wall:      0.000)
 Objective function gradient........:      0.000 (sys:      0.000 wall:      0.000)
 Equality constraints...............:      0.000 (sys:      0.000 wall:      0.000)
 Inequality constraints.............:      0.000 (sys:      0.000 wall:      0.000)
 Equality constraint Jacobian.......:      0.001 (sys:      0.000 wall:      0.001)
 Inequality constraint Jacobian.....:      0.000 (sys:      0.000 wall:      0.000)
 Lagrangian Hessian.................:      0.003 (sys:      0.000 wall:      0.003)

EXIT: Optimal Solution Found.
Total number of variables............................:     1900
                     variables with only lower bounds:        0
                variables with lower and upper bounds:      600
                     variables with only upper bounds:        0
Total number of equality constraints.................:     1300
Total number of inequality constraints...............:        0
        inequality constraints with only lower bounds:        0
   inequality constraints with lower and upper bounds:        0
        inequality constraints with only upper bounds:        0


Number of Iterations....: 3

                                   (scaled)                 (unscaled)
Objective...............:   3.6371817621588137e-01    1.0574298406061274e+01
Dual infeasibility......:   3.0813196438828072e-10    8.9582527158433966e-09
Constraint violation....:   7.8096437736846491e-19    7.8096437736846491e-19
Variable bound violation:   0.0000000000000000e+00    0.0000000000000000e+00
Complementarity.........:   1.8456415160826840e-06    5.3657929182208069e-05
Overall NLP error.......:   1.8456415160826840e-06    5.3657929182208069e-05


Number of objective function evaluations             = 4
Number of objective gradient evaluations             = 4
Number of equality constraint evaluations            = 4
Number of inequality constraint evaluations          = 0
Number of equality constraint Jacobian evaluations   = 4
Number of inequality constraint Jacobian evaluations = 0
Number of Lagrangian Hessian evaluations             = 3
Total seconds in IPOPT (w/o function evaluations)    =      0.009
Total seconds in NLP function evaluations            =      0.004


Timing Statistics:

OverallAlgorithm....................:      0.013 (sys:      0.000 wall:      0.013)
 PrintProblemStatistics.............:      0.000 (sys:      0.000 wall:      0.000)
 InitializeIterates.................:      0.003 (sys:      0.000 wall:      0.003)
 UpdateHessian......................:      0.003 (sys:      0.000 wall:      0.003)
 OutputIteration....................:      0.000 (sys:      0.000 wall:      0.000)
 UpdateBarrierParameter.............:      0.000 (sys:      0.000 wall:      0.000)
 ComputeSearchDirection.............:      0.005 (sys:      0.000 wall:      0.005)
 ComputeAcceptableTrialPoint........:      0.000 (sys:      0.000 wall:      0.000)
 AcceptTrialPoint...................:      0.000 (sys:      0.000 wall:      0.000)
 CheckConvergence...................:      0.001 (sys:      0.000 wall:      0.001)
PDSystemSolverTotal.................:      0.005 (sys:      0.000 wall:      0.005)
 PDSystemSolverSolveOnce............:      0.005 (sys:      0.000 wall:      0.005)
 ComputeResiduals...................:      0.000 (sys:      0.000 wall:      0.000)
 StdAugSystemSolverMultiSolve.......:      0.007 (sys:      0.000 wall:      0.007)
 LinearSystemScaling................:      0.000 (sys:      0.000 wall:      0.000)
 LinearSystemSymbolicFactorization..:      0.001 (sys:      0.000 wall:      0.001)
 LinearSystemFactorization..........:      0.000 (sys:      0.000 wall:      0.000)
 LinearSystemBackSolve..............:      0.001 (sys:      0.000 wall:      0.001)
 LinearSystemStructureConverter.....:      0.000 (sys:      0.000 wall:      0.000)
  LinearSystemStructureConverterInit:      0.000 (sys:      0.000 wall:      0.000)
QualityFunctionSearch...............:      0.000 (sys:      0.000 wall:      0.000)
TryCorrector........................:      0.000 (sys:      0.000 wall:      0.000)
Task1...............................:      0.000 (sys:      0.000 wall:      0.000)
Task2...............................:      0.000 (sys:      0.000 wall:      0.000)
Task3...............................:      0.000 (sys:      0.000 wall:      0.000)
Task4...............................:      0.000 (sys:      0.000 wall:      0.000)
Task5...............................:      0.000 (sys:      0.000 wall:      0.000)
Task6...............................:      0.000 (sys:      0.000 wall:      0.000)
Function Evaluations................:      0.004 (sys:      0.000 wall:      0.004)
 Objective function.................:      0.000 (sys:      0.000 wall:      0.000)
 Objective function gradient........:      0.000 (sys:      0.000 wall:      0.000)
 Equality constraints...............:      0.000 (sys:      0.000 wall:      0.000)
 Inequality constraints.............:      0.000 (sys:      0.000 wall:      0.000)
 Equality constraint Jacobian.......:      0.001 (sys:      0.000 wall:      0.001)
 Inequality constraint Jacobian.....:      0.000 (sys:      0.000 wall:      0.000)
 Lagrangian Hessian.................:      0.003 (sys:      0.000 wall:      0.003)

EXIT: Optimal Solution Found.
Total number of variables............................:     1900
                     variables with only lower bounds:        0
                variables with lower and upper bounds:      600
                     variables with only upper bounds:        0
Total number of equality constraints.................:     1300
Total number of inequality constraints...............:        0
        inequality constraints with only lower bounds:        0
   inequality constraints with lower and upper bounds:        0
        inequality constraints with only upper bounds:        0


Number of Iterations....: 3

                                   (scaled)                 (unscaled)
Objective...............:   5.6467517635688469e-01    9.1524814507806713e+00
Dual infeasibility......:   1.4630208156063418e-10    2.3713227422769092e-09
Constraint violation....:   9.7578195523695399e-19    9.7578195523695399e-19
Variable bound violation:   0.0000000000000000e+00    0.0000000000000000e+00
Complementarity.........:   1.8452832200229350e-06    2.9909089596711165e-05
Overall NLP error.......:   1.8452832200229350e-06    2.9909089596711165e-05


Number of objective function evaluations             = 4
Number of objective gradient evaluations             = 4
Number of equality constraint evaluations            = 4
Number of inequality constraint evaluations          = 0
Number of equality constraint Jacobian evaluations   = 4
Number of inequality constraint Jacobian evaluations = 0
Number of Lagrangian Hessian evaluations             = 3
Total seconds in IPOPT (w/o function evaluations)    =      0.009
Total seconds in NLP function evaluations            =      0.004


Timing Statistics:

OverallAlgorithm....................:      0.013 (sys:      0.000 wall:      0.013)
 PrintProblemStatistics.............:      0.000 (sys:      0.000 wall:      0.000)
 InitializeIterates.................:      0.003 (sys:      0.000 wall:      0.003)
 UpdateHessian......................:      0.003 (sys:      0.000 wall:      0.003)
 OutputIteration....................:      0.000 (sys:      0.000 wall:      0.000)
 UpdateBarrierParameter.............:      0.000 (sys:      0.000 wall:      0.000)
 ComputeSearchDirection.............:      0.006 (sys:      0.000 wall:      0.006)
 ComputeAcceptableTrialPoint........:      0.000 (sys:      0.000 wall:      0.000)
 AcceptTrialPoint...................:      0.000 (sys:      0.000 wall:      0.000)
 CheckConvergence...................:      0.001 (sys:      0.000 wall:      0.001)
PDSystemSolverTotal.................:      0.006 (sys:      0.000 wall:      0.006)
 PDSystemSolverSolveOnce............:      0.005 (sys:      0.000 wall:      0.005)
 ComputeResiduals...................:      0.000 (sys:      0.000 wall:      0.000)
 StdAugSystemSolverMultiSolve.......:      0.008 (sys:      0.000 wall:      0.008)
 LinearSystemScaling................:      0.000 (sys:      0.000 wall:      0.000)
 LinearSystemSymbolicFactorization..:      0.001 (sys:      0.000 wall:      0.001)
 LinearSystemFactorization..........:      0.000 (sys:      0.000 wall:      0.000)
 LinearSystemBackSolve..............:      0.001 (sys:      0.000 wall:      0.001)
 LinearSystemStructureConverter.....:      0.000 (sys:      0.000 wall:      0.000)
  LinearSystemStructureConverterInit:      0.000 (sys:      0.000 wall:      0.000)
QualityFunctionSearch...............:      0.000 (sys:      0.000 wall:      0.000)
TryCorrector........................:      0.000 (sys:      0.000 wall:      0.000)
Task1...............................:      0.000 (sys:      0.000 wall:      0.000)
Task2...............................:      0.000 (sys:      0.000 wall:      0.000)
Task3...............................:      0.000 (sys:      0.000 wall:      0.000)
Task4...............................:      0.000 (sys:      0.000 wall:      0.000)
Task5...............................:      0.000 (sys:      0.000 wall:      0.000)
Task6...............................:      0.000 (sys:      0.000 wall:      0.000)
Function Evaluations................:      0.004 (sys:      0.000 wall:      0.004)
 Objective function.................:      0.000 (sys:      0.000 wall:      0.000)
 Objective function gradient........:      0.000 (sys:      0.000 wall:      0.000)
 Equality constraints...............:      0.000 (sys:      0.000 wall:      0.000)
 Inequality constraints.............:      0.000 (sys:      0.000 wall:      0.000)
 Equality constraint Jacobian.......:      0.001 (sys:      0.000 wall:      0.001)
 Inequality constraint Jacobian.....:      0.000 (sys:      0.000 wall:      0.000)
 Lagrangian Hessian.................:      0.003 (sys:      0.000 wall:      0.003)

EXIT: Optimal Solution Found.
Total number of variables............................:     1900
                     variables with only lower bounds:        0
                variables with lower and upper bounds:      600
                     variables with only upper bounds:        0
Total number of equality constraints.................:     1300
Total number of inequality constraints...............:        0
        inequality constraints with only lower bounds:        0
   inequality constraints with lower and upper bounds:        0
        inequality constraints with only upper bounds:        0


Number of Iterations....: 3

                                   (scaled)                 (unscaled)
Objective...............:   8.7738795821907689e-01    7.9266666994507018e+00
Dual infeasibility......:   7.0094152704314183e-11    6.3325804834988101e-10
Constraint violation....:   5.4210108624275222e-19    5.4210108624275222e-19
Variable bound violation:   0.0000000000000000e+00    0.0000000000000000e+00
Complementarity.........:   1.8451021599991624e-06    1.6669376085850094e-05
Overall NLP error.......:   1.8451021599991624e-06    1.6669376085850094e-05


Number of objective function evaluations             = 4
Number of objective gradient evaluations             = 4
Number of equality constraint evaluations            = 4
Number of inequality constraint evaluations          = 0
Number of equality constraint Jacobian evaluations   = 4
Number of inequality constraint Jacobian evaluations = 0
Number of Lagrangian Hessian evaluations             = 3
Total seconds in IPOPT (w/o function evaluations)    =      0.009
Total seconds in NLP function evaluations            =      0.004


Timing Statistics:

OverallAlgorithm....................:      0.013 (sys:      0.000 wall:      0.013)
 PrintProblemStatistics.............:      0.000 (sys:      0.000 wall:      0.000)
 InitializeIterates.................:      0.003 (sys:      0.000 wall:      0.003)
 UpdateHessian......................:      0.003 (sys:      0.000 wall:      0.003)
 OutputIteration....................:      0.000 (sys:      0.000 wall:      0.000)
 UpdateBarrierParameter.............:      0.000 (sys:      0.000 wall:      0.000)
 ComputeSearchDirection.............:      0.006 (sys:      0.000 wall:      0.006)
 ComputeAcceptableTrialPoint........:      0.000 (sys:      0.000 wall:      0.000)
 AcceptTrialPoint...................:      0.000 (sys:      0.000 wall:      0.000)
 CheckConvergence...................:      0.001 (sys:      0.000 wall:      0.001)
PDSystemSolverTotal.................:      0.006 (sys:      0.000 wall:      0.006)
 PDSystemSolverSolveOnce............:      0.005 (sys:      0.000 wall:      0.005)
 ComputeResiduals...................:      0.000 (sys:      0.000 wall:      0.000)
 StdAugSystemSolverMultiSolve.......:      0.008 (sys:      0.000 wall:      0.008)
 LinearSystemScaling................:      0.000 (sys:      0.000 wall:      0.000)
 LinearSystemSymbolicFactorization..:      0.001 (sys:      0.000 wall:      0.001)
 LinearSystemFactorization..........:      0.000 (sys:      0.000 wall:      0.000)
 LinearSystemBackSolve..............:      0.001 (sys:      0.000 wall:      0.001)
 LinearSystemStructureConverter.....:      0.000 (sys:      0.000 wall:      0.000)
  LinearSystemStructureConverterInit:      0.000 (sys:      0.000 wall:      0.000)
QualityFunctionSearch...............:      0.000 (sys:      0.000 wall:      0.000)
TryCorrector........................:      0.000 (sys:      0.000 wall:      0.000)
Task1...............................:      0.000 (sys:      0.000 wall:      0.000)
Task2...............................:      0.000 (sys:      0.000 wall:      0.000)
Task3...............................:      0.000 (sys:      0.000 wall:      0.000)
Task4...............................:      0.000 (sys:      0.000 wall:      0.000)
Task5...............................:      0.000 (sys:      0.000 wall:      0.000)
Task6...............................:      0.000 (sys:      0.000 wall:      0.000)
Function Evaluations................:      0.004 (sys:      0.000 wall:      0.004)
 Objective function.................:      0.000 (sys:      0.000 wall:      0.000)
 Objective function gradient........:      0.000 (sys:      0.000 wall:      0.000)
 Equality constraints...............:      0.000 (sys:      0.000 wall:      0.000)
 Inequality constraints.............:      0.000 (sys:      0.000 wall:      0.000)
 Equality constraint Jacobian.......:      0.001 (sys:      0.000 wall:      0.001)
 Inequality constraint Jacobian.....:      0.000 (sys:      0.000 wall:      0.000)
 Lagrangian Hessian.................:      0.003 (sys:      0.000 wall:      0.003)

EXIT: Optimal Solution Found.
Total number of variables............................:     1900
                     variables with only lower bounds:        0
                variables with lower and upper bounds:      600
                     variables with only upper bounds:        0
Total number of equality constraints.................:     1300
Total number of inequality constraints...............:        0
        inequality constraints with only lower bounds:        0
   inequality constraints with lower and upper bounds:        0
        inequality constraints with only upper bounds:        0


Number of Iterations....: 3

                                   (scaled)                 (unscaled)
Objective...............:   1.3635489815418627e+00    6.8673087571965761e+00
Dual infeasibility......:   3.3294256240878894e-11    1.6768149919249144e-10
Constraint violation....:   1.0842021724855044e-18    1.0842021724855044e-18
Variable bound violation:   0.0000000000000000e+00    0.0000000000000000e+00
Complementarity.........:   1.8450101938367393e-06    9.2921155255639044e-06
Overall NLP error.......:   1.8450101938367393e-06    9.2921155255639044e-06


Number of objective function evaluations             = 4
Number of objective gradient evaluations             = 4
Number of equality constraint evaluations            = 4
Number of inequality constraint evaluations          = 0
Number of equality constraint Jacobian evaluations   = 4
Number of inequality constraint Jacobian evaluations = 0
Number of Lagrangian Hessian evaluations             = 3
Total seconds in IPOPT (w/o function evaluations)    =      0.010
Total seconds in NLP function evaluations            =      0.004


Timing Statistics:

OverallAlgorithm....................:      0.014 (sys:      0.000 wall:      0.014)
 PrintProblemStatistics.............:      0.000 (sys:      0.000 wall:      0.000)
 InitializeIterates.................:      0.003 (sys:      0.000 wall:      0.003)
 UpdateHessian......................:      0.003 (sys:      0.000 wall:      0.003)
 OutputIteration....................:      0.000 (sys:      0.000 wall:      0.000)
 UpdateBarrierParameter.............:      0.000 (sys:      0.000 wall:      0.000)
 ComputeSearchDirection.............:      0.006 (sys:      0.000 wall:      0.006)
 ComputeAcceptableTrialPoint........:      0.000 (sys:      0.000 wall:      0.000)
 AcceptTrialPoint...................:      0.000 (sys:      0.000 wall:      0.000)
 CheckConvergence...................:      0.001 (sys:      0.000 wall:      0.001)
PDSystemSolverTotal.................:      0.006 (sys:      0.000 wall:      0.006)
 PDSystemSolverSolveOnce............:      0.006 (sys:      0.000 wall:      0.006)
 ComputeResiduals...................:      0.000 (sys:      0.000 wall:      0.000)
 StdAugSystemSolverMultiSolve.......:      0.009 (sys:      0.000 wall:      0.009)
 LinearSystemScaling................:      0.000 (sys:      0.000 wall:      0.000)
 LinearSystemSymbolicFactorization..:      0.001 (sys:      0.000 wall:      0.001)
 LinearSystemFactorization..........:      0.000 (sys:      0.000 wall:      0.000)
 LinearSystemBackSolve..............:      0.001 (sys:      0.000 wall:      0.001)
 LinearSystemStructureConverter.....:      0.000 (sys:      0.000 wall:      0.000)
  LinearSystemStructureConverterInit:      0.000 (sys:      0.000 wall:      0.000)
QualityFunctionSearch...............:      0.000 (sys:      0.000 wall:      0.000)
TryCorrector........................:      0.000 (sys:      0.000 wall:      0.000)
Task1...............................:      0.000 (sys:      0.000 wall:      0.000)
Task2...............................:      0.000 (sys:      0.000 wall:      0.000)
Task3...............................:      0.000 (sys:      0.000 wall:      0.000)
Task4...............................:      0.000 (sys:      0.000 wall:      0.000)
Task5...............................:      0.000 (sys:      0.000 wall:      0.000)
Task6...............................:      0.000 (sys:      0.000 wall:      0.000)
Function Evaluations................:      0.004 (sys:      0.000 wall:      0.004)
 Objective function.................:      0.000 (sys:      0.000 wall:      0.000)
 Objective function gradient........:      0.000 (sys:      0.000 wall:      0.000)
 Equality constraints...............:      0.000 (sys:      0.000 wall:      0.000)
 Inequality constraints.............:      0.000 (sys:      0.000 wall:      0.000)
 Equality constraint Jacobian.......:      0.001 (sys:      0.000 wall:      0.001)
 Inequality constraint Jacobian.....:      0.000 (sys:      0.000 wall:      0.000)
 Lagrangian Hessian.................:      0.003 (sys:      0.000 wall:      0.003)

EXIT: Optimal Solution Found.
Total number of variables............................:     1900
                     variables with only lower bounds:        0
                variables with lower and upper bounds:      600
                     variables with only upper bounds:        0
Total number of equality constraints.................:     1300
Total number of inequality constraints...............:        0
        inequality constraints with only lower bounds:        0
   inequality constraints with lower and upper bounds:        0
        inequality constraints with only upper bounds:        0


Number of Iterations....: 4

                                   (scaled)                 (unscaled)
Objective...............:   2.1197974351313822e+00    5.9510018278623935e+00
Dual infeasibility......:   1.6452617046525120e-11    4.6188165196512120e-11
Constraint violation....:   2.3039296165316969e-19    2.3039296165316969e-19
Variable bound violation:   0.0000000000000000e+00    0.0000000000000000e+00
Complementarity.........:   1.8449633558241091e-06    5.1794478665212282e-06
Overall NLP error.......:   1.8449633558241091e-06    5.1794478665212282e-06


Number of objective function evaluations             = 5
Number of objective gradient evaluations             = 5
Number of equality constraint evaluations            = 5
Number of inequality constraint evaluations          = 0
Number of equality constraint Jacobian evaluations   = 5
Number of inequality constraint Jacobian evaluations = 0
Number of Lagrangian Hessian evaluations             = 4
Total seconds in IPOPT (w/o function evaluations)    =      0.012
Total seconds in NLP function evaluations            =      0.005


Timing Statistics:

OverallAlgorithm....................:      0.017 (sys:      0.000 wall:      0.017)
 PrintProblemStatistics.............:      0.000 (sys:      0.000 wall:      0.000)
 InitializeIterates.................:      0.003 (sys:      0.000 wall:      0.003)
 UpdateHessian......................:      0.004 (sys:      0.000 wall:      0.004)
 OutputIteration....................:      0.000 (sys:      0.000 wall:      0.000)
 UpdateBarrierParameter.............:      0.000 (sys:      0.000 wall:      0.000)
 ComputeSearchDirection.............:      0.008 (sys:      0.000 wall:      0.008)
 ComputeAcceptableTrialPoint........:      0.000 (sys:      0.000 wall:      0.000)
 AcceptTrialPoint...................:      0.000 (sys:      0.000 wall:      0.000)
 CheckConvergence...................:      0.001 (sys:      0.000 wall:      0.001)
PDSystemSolverTotal.................:      0.008 (sys:      0.000 wall:      0.008)
 PDSystemSolverSolveOnce............:      0.008 (sys:      0.000 wall:      0.008)
 ComputeResiduals...................:      0.000 (sys:      0.000 wall:      0.000)
 StdAugSystemSolverMultiSolve.......:      0.010 (sys:      0.000 wall:      0.010)
 LinearSystemScaling................:      0.000 (sys:      0.000 wall:      0.000)
 LinearSystemSymbolicFactorization..:      0.001 (sys:      0.000 wall:      0.001)
 LinearSystemFactorization..........:      0.000 (sys:      0.000 wall:      0.000)
 LinearSystemBackSolve..............:      0.002 (sys:      0.000 wall:      0.002)
 LinearSystemStructureConverter.....:      0.000 (sys:      0.000 wall:      0.000)
  LinearSystemStructureConverterInit:      0.000 (sys:      0.000 wall:      0.000)
QualityFunctionSearch...............:      0.000 (sys:      0.000 wall:      0.000)
TryCorrector........................:      0.000 (sys:      0.000 wall:      0.000)
Task1...............................:      0.000 (sys:      0.000 wall:      0.000)
Task2...............................:      0.000 (sys:      0.000 wall:      0.000)
Task3...............................:      0.000 (sys:      0.000 wall:      0.000)
Task4...............................:      0.000 (sys:      0.000 wall:      0.000)
Task5...............................:      0.000 (sys:      0.000 wall:      0.000)
Task6...............................:      0.000 (sys:      0.000 wall:      0.000)
Function Evaluations................:      0.005 (sys:      0.000 wall:      0.005)
 Objective function.................:      0.000 (sys:      0.000 wall:      0.000)
 Objective function gradient........:      0.000 (sys:      0.000 wall:      0.000)
 Equality constraints...............:      0.000 (sys:      0.000 wall:      0.000)
 Inequality constraints.............:      0.000 (sys:      0.000 wall:      0.000)
 Equality constraint Jacobian.......:      0.001 (sys:      0.000 wall:      0.001)
 Inequality constraint Jacobian.....:      0.000 (sys:      0.000 wall:      0.000)
 Lagrangian Hessian.................:      0.004 (sys:      0.000 wall:      0.004)

EXIT: Optimal Solution Found.
Total number of variables............................:     1900
                     variables with only lower bounds:        0
                variables with lower and upper bounds:      600
                     variables with only upper bounds:        0
Total number of equality constraints.................:     1300
Total number of inequality constraints...............:        0
        inequality constraints with only lower bounds:        0
   inequality constraints with lower and upper bounds:        0
        inequality constraints with only upper bounds:        0


Number of Iterations....: 4

                                   (scaled)                 (unscaled)
Objective...............:   3.2960915866710367e+00    5.1581856117934874e+00
Dual infeasibility......:   8.1996631706715561e-12    1.2831980992138688e-11
Constraint violation....:   9.7578195523695399e-19    9.7578195523695399e-19
Variable bound violation:   0.0000000000000000e+00    0.0000000000000000e+00
Complementarity.........:   1.8449394228527453e-06    2.8872195251106658e-06
Overall NLP error.......:   1.8449394228527453e-06    2.8872195251106658e-06


Number of objective function evaluations             = 5
Number of objective gradient evaluations             = 5
Number of equality constraint evaluations            = 5
Number of inequality constraint evaluations          = 0
Number of equality constraint Jacobian evaluations   = 5
Number of inequality constraint Jacobian evaluations = 0
Number of Lagrangian Hessian evaluations             = 4
Total seconds in IPOPT (w/o function evaluations)    =      0.013
Total seconds in NLP function evaluations            =      0.005


Timing Statistics:

OverallAlgorithm....................:      0.015 (sys:      0.003 wall:      0.018)
 PrintProblemStatistics.............:      0.000 (sys:      0.000 wall:      0.000)
 InitializeIterates.................:      0.000 (sys:      0.003 wall:      0.003)
 UpdateHessian......................:      0.004 (sys:      0.000 wall:      0.004)
 OutputIteration....................:      0.000 (sys:      0.000 wall:      0.000)
 UpdateBarrierParameter.............:      0.000 (sys:      0.000 wall:      0.000)
 ComputeSearchDirection.............:      0.009 (sys:      0.000 wall:      0.009)
 ComputeAcceptableTrialPoint........:      0.000 (sys:      0.000 wall:      0.000)
 AcceptTrialPoint...................:      0.000 (sys:      0.000 wall:      0.000)
 CheckConvergence...................:      0.001 (sys:      0.000 wall:      0.001)
PDSystemSolverTotal.................:      0.009 (sys:      0.000 wall:      0.009)
 PDSystemSolverSolveOnce............:      0.009 (sys:      0.000 wall:      0.009)
 ComputeResiduals...................:      0.000 (sys:      0.000 wall:      0.000)
 StdAugSystemSolverMultiSolve.......:      0.009 (sys:      0.003 wall:      0.011)
 LinearSystemScaling................:      0.000 (sys:      0.000 wall:      0.000)
 LinearSystemSymbolicFactorization..:      0.000 (sys:      0.001 wall:      0.001)
 LinearSystemFactorization..........:      0.000 (sys:      0.000 wall:      0.000)
 LinearSystemBackSolve..............:      0.001 (sys:      0.000 wall:      0.002)
 LinearSystemStructureConverter.....:      0.000 (sys:      0.000 wall:      0.000)
  LinearSystemStructureConverterInit:      0.000 (sys:      0.000 wall:      0.000)
QualityFunctionSearch...............:      0.000 (sys:      0.000 wall:      0.000)
TryCorrector........................:      0.000 (sys:      0.000 wall:      0.000)
Task1...............................:      0.000 (sys:      0.000 wall:      0.000)
Task2...............................:      0.000 (sys:      0.000 wall:      0.000)
Task3...............................:      0.000 (sys:      0.000 wall:      0.000)
Task4...............................:      0.000 (sys:      0.000 wall:      0.000)
Task5...............................:      0.000 (sys:      0.000 wall:      0.000)
Task6...............................:      0.000 (sys:      0.000 wall:      0.000)
Function Evaluations................:      0.005 (sys:      0.000 wall:      0.005)
 Objective function.................:      0.000 (sys:      0.000 wall:      0.000)
 Objective function gradient........:      0.000 (sys:      0.000 wall:      0.000)
 Equality constraints...............:      0.000 (sys:      0.000 wall:      0.000)
 Inequality constraints.............:      0.000 (sys:      0.000 wall:      0.000)
 Equality constraint Jacobian.......:      0.001 (sys:      0.000 wall:      0.001)
 Inequality constraint Jacobian.....:      0.000 (sys:      0.000 wall:      0.000)
 Lagrangian Hessian.................:      0.004 (sys:      0.000 wall:      0.004)

EXIT: Optimal Solution Found.
Total number of variables............................:     1900
                     variables with only lower bounds:        0
                variables with lower and upper bounds:      600
                     variables with only upper bounds:        0
Total number of equality constraints.................:     1300
Total number of inequality constraints...............:        0
        inequality constraints with only lower bounds:        0
   inequality constraints with lower and upper bounds:        0
        inequality constraints with only upper bounds:        0


Number of Iterations....: 4

                                   (scaled)                 (unscaled)
Objective...............:   3.8916543940524373e+00    4.4721389283604518e+00
Dual infeasibility......:   5.5777604757167865e-12    6.4097469175694855e-12
Constraint violation....:   4.3368086899420177e-19    4.3368086899420177e-19
Variable bound violation:   0.0000000000000000e+00    0.0000000000000000e+00
Complementarity.........:   1.8449312518221802e-06    2.1201237406981258e-06
Overall NLP error.......:   1.8449312518221802e-06    2.1201237406981258e-06


Number of objective function evaluations             = 5
Number of objective gradient evaluations             = 5
Number of equality constraint evaluations            = 5
Number of inequality constraint evaluations          = 0
Number of equality constraint Jacobian evaluations   = 5
Number of inequality constraint Jacobian evaluations = 0
Number of Lagrangian Hessian evaluations             = 4
Total seconds in IPOPT (w/o function evaluations)    =      0.012
Total seconds in NLP function evaluations            =      0.005


Timing Statistics:

OverallAlgorithm....................:      0.017 (sys:      0.000 wall:      0.017)
 PrintProblemStatistics.............:      0.000 (sys:      0.000 wall:      0.000)
 InitializeIterates.................:      0.003 (sys:      0.000 wall:      0.003)
 UpdateHessian......................:      0.004 (sys:      0.000 wall:      0.004)
 OutputIteration....................:      0.000 (sys:      0.000 wall:      0.000)
 UpdateBarrierParameter.............:      0.000 (sys:      0.000 wall:      0.000)
 ComputeSearchDirection.............:      0.008 (sys:      0.000 wall:      0.008)
 ComputeAcceptableTrialPoint........:      0.000 (sys:      0.000 wall:      0.000)
 AcceptTrialPoint...................:      0.000 (sys:      0.000 wall:      0.000)
 CheckConvergence...................:      0.001 (sys:      0.000 wall:      0.001)
PDSystemSolverTotal.................:      0.008 (sys:      0.000 wall:      0.008)
 PDSystemSolverSolveOnce............:      0.008 (sys:      0.000 wall:      0.008)
 ComputeResiduals...................:      0.000 (sys:      0.000 wall:      0.000)
 StdAugSystemSolverMultiSolve.......:      0.011 (sys:      0.000 wall:      0.011)
 LinearSystemScaling................:      0.000 (sys:      0.000 wall:      0.000)
 LinearSystemSymbolicFactorization..:      0.001 (sys:      0.000 wall:      0.001)
 LinearSystemFactorization..........:      0.000 (sys:      0.000 wall:      0.000)
 LinearSystemBackSolve..............:      0.002 (sys:      0.000 wall:      0.002)
 LinearSystemStructureConverter.....:      0.000 (sys:      0.000 wall:      0.000)
  LinearSystemStructureConverterInit:      0.000 (sys:      0.000 wall:      0.000)
QualityFunctionSearch...............:      0.000 (sys:      0.000 wall:      0.000)
TryCorrector........................:      0.000 (sys:      0.000 wall:      0.000)
Task1...............................:      0.000 (sys:      0.000 wall:      0.000)
Task2...............................:      0.000 (sys:      0.000 wall:      0.000)
Task3...............................:      0.000 (sys:      0.000 wall:      0.000)
Task4...............................:      0.000 (sys:      0.000 wall:      0.000)
Task5...............................:      0.000 (sys:      0.000 wall:      0.000)
Task6...............................:      0.000 (sys:      0.000 wall:      0.000)
Function Evaluations................:      0.005 (sys:      0.000 wall:      0.005)
 Objective function.................:      0.000 (sys:      0.000 wall:      0.000)
 Objective function gradient........:      0.000 (sys:      0.000 wall:      0.000)
 Equality constraints...............:      0.000 (sys:      0.000 wall:      0.000)
 Inequality constraints.............:      0.000 (sys:      0.000 wall:      0.000)
 Equality constraint Jacobian.......:      0.001 (sys:      0.000 wall:      0.001)
 Inequality constraint Jacobian.....:      0.000 (sys:      0.000 wall:      0.000)
 Lagrangian Hessian.................:      0.004 (sys:      0.000 wall:      0.004)

EXIT: Optimal Solution Found.
Total number of variables............................:     1900
                     variables with only lower bounds:        0
                variables with lower and upper bounds:      600
                     variables with only upper bounds:        0
Total number of equality constraints.................:     1300
Total number of inequality constraints...............:        0
        inequality constraints with only lower bounds:        0
   inequality constraints with lower and upper bounds:        0
        inequality constraints with only upper bounds:        0


Number of Iterations....: 4

                                   (scaled)                 (unscaled)
Objective...............:   3.6608321151847583e+00    3.8784601415165474e+00
Dual infeasibility......:   3.8653524825349450e-12    4.0951387730237960e-12
Constraint violation....:   2.1684043449710089e-19    2.1684043449710089e-19
Variable bound violation:   0.0000000000000000e+00    0.0000000000000000e+00
Complementarity.........:   1.8449286390568473e-06    1.9546053917206803e-06
Overall NLP error.......:   1.8449286390568473e-06    1.9546053917206803e-06


Number of objective function evaluations             = 5
Number of objective gradient evaluations             = 5
Number of equality constraint evaluations            = 5
Number of inequality constraint evaluations          = 0
Number of equality constraint Jacobian evaluations   = 5
Number of inequality constraint Jacobian evaluations = 0
Number of Lagrangian Hessian evaluations             = 4
Total seconds in IPOPT (w/o function evaluations)    =      0.012
Total seconds in NLP function evaluations            =      0.005


Timing Statistics:

OverallAlgorithm....................:      0.017 (sys:      0.000 wall:      0.017)
 PrintProblemStatistics.............:      0.000 (sys:      0.000 wall:      0.000)
 InitializeIterates.................:      0.003 (sys:      0.000 wall:      0.003)
 UpdateHessian......................:      0.004 (sys:      0.000 wall:      0.004)
 OutputIteration....................:      0.000 (sys:      0.000 wall:      0.000)
 UpdateBarrierParameter.............:      0.000 (sys:      0.000 wall:      0.000)
 ComputeSearchDirection.............:      0.008 (sys:      0.000 wall:      0.008)
 ComputeAcceptableTrialPoint........:      0.000 (sys:      0.000 wall:      0.000)
 AcceptTrialPoint...................:      0.000 (sys:      0.000 wall:      0.000)
 CheckConvergence...................:      0.001 (sys:      0.000 wall:      0.001)
PDSystemSolverTotal.................:      0.008 (sys:      0.000 wall:      0.008)
 PDSystemSolverSolveOnce............:      0.008 (sys:      0.000 wall:      0.008)
 ComputeResiduals...................:      0.000 (sys:      0.000 wall:      0.000)
 StdAugSystemSolverMultiSolve.......:      0.011 (sys:      0.000 wall:      0.011)
 LinearSystemScaling................:      0.000 (sys:      0.000 wall:      0.000)
 LinearSystemSymbolicFactorization..:      0.001 (sys:      0.000 wall:      0.001)
 LinearSystemFactorization..........:      0.000 (sys:      0.000 wall:      0.000)
 LinearSystemBackSolve..............:      0.002 (sys:      0.000 wall:      0.002)
 LinearSystemStructureConverter.....:      0.000 (sys:      0.000 wall:      0.000)
  LinearSystemStructureConverterInit:      0.000 (sys:      0.000 wall:      0.000)
QualityFunctionSearch...............:      0.000 (sys:      0.000 wall:      0.000)
TryCorrector........................:      0.000 (sys:      0.000 wall:      0.000)
Task1...............................:      0.000 (sys:      0.000 wall:      0.000)
Task2...............................:      0.000 (sys:      0.000 wall:      0.000)
Task3...............................:      0.000 (sys:      0.000 wall:      0.000)
Task4...............................:      0.000 (sys:      0.000 wall:      0.000)
Task5...............................:      0.000 (sys:      0.000 wall:      0.000)
Task6...............................:      0.000 (sys:      0.000 wall:      0.000)
Function Evaluations................:      0.005 (sys:      0.000 wall:      0.005)
 Objective function.................:      0.000 (sys:      0.000 wall:      0.000)
 Objective function gradient........:      0.000 (sys:      0.000 wall:      0.000)
 Equality constraints...............:      0.000 (sys:      0.000 wall:      0.000)
 Inequality constraints.............:      0.000 (sys:      0.000 wall:      0.000)
 Equality constraint Jacobian.......:      0.001 (sys:      0.000 wall:      0.001)
 Inequality constraint Jacobian.....:      0.000 (sys:      0.000 wall:      0.000)
 Lagrangian Hessian.................:      0.004 (sys:      0.000 wall:      0.004)

EXIT: Optimal Solution Found.
Total number of variables............................:     1900
                     variables with only lower bounds:        0
                variables with lower and upper bounds:      600
                     variables with only upper bounds:        0
Total number of equality constraints.................:     1300
Total number of inequality constraints...............:        0
        inequality constraints with only lower bounds:        0
   inequality constraints with lower and upper bounds:        0
        inequality constraints with only upper bounds:        0


Number of Iterations....: 4

                                   (scaled)                 (unscaled)
Objective...............:   3.3647056461471077e+00    3.3647056461471077e+00
Dual infeasibility......:   4.3272052607790101e-12    4.3272052607790101e-12
Constraint violation....:   2.1684043449710089e-19    2.1684043449710089e-19
Variable bound violation:   0.0000000000000000e+00    0.0000000000000000e+00
Complementarity.........:   1.8449267134162671e-06    1.8449267134162671e-06
Overall NLP error.......:   1.8449267134162671e-06    1.8449267134162671e-06


Number of objective function evaluations             = 5
Number of objective gradient evaluations             = 5
Number of equality constraint evaluations            = 5
Number of inequality constraint evaluations          = 0
Number of equality constraint Jacobian evaluations   = 5
Number of inequality constraint Jacobian evaluations = 0
Number of Lagrangian Hessian evaluations             = 4
Total seconds in IPOPT (w/o function evaluations)    =      0.012
Total seconds in NLP function evaluations            =      0.005


Timing Statistics:

OverallAlgorithm....................:      0.017 (sys:      0.000 wall:      0.017)
 PrintProblemStatistics.............:      0.000 (sys:      0.000 wall:      0.000)
 InitializeIterates.................:      0.003 (sys:      0.000 wall:      0.003)
 UpdateHessian......................:      0.004 (sys:      0.000 wall:      0.004)
 OutputIteration....................:      0.000 (sys:      0.000 wall:      0.000)
 UpdateBarrierParameter.............:      0.000 (sys:      0.000 wall:      0.000)
 ComputeSearchDirection.............:      0.008 (sys:      0.000 wall:      0.008)
 ComputeAcceptableTrialPoint........:      0.000 (sys:      0.000 wall:      0.000)
 AcceptTrialPoint...................:      0.000 (sys:      0.000 wall:      0.000)
 CheckConvergence...................:      0.001 (sys:      0.000 wall:      0.001)
PDSystemSolverTotal.................:      0.008 (sys:      0.000 wall:      0.008)
 PDSystemSolverSolveOnce............:      0.008 (sys:      0.000 wall:      0.008)
 ComputeResiduals...................:      0.000 (sys:      0.000 wall:      0.000)
 StdAugSystemSolverMultiSolve.......:      0.011 (sys:      0.000 wall:      0.011)
 LinearSystemScaling................:      0.000 (sys:      0.000 wall:      0.000)
 LinearSystemSymbolicFactorization..:      0.001 (sys:      0.000 wall:      0.001)
 LinearSystemFactorization..........:      0.000 (sys:      0.000 wall:      0.000)
 LinearSystemBackSolve..............:      0.002 (sys:      0.000 wall:      0.002)
 LinearSystemStructureConverter.....:      0.000 (sys:      0.000 wall:      0.000)
  LinearSystemStructureConverterInit:      0.000 (sys:      0.000 wall:      0.000)
QualityFunctionSearch...............:      0.000 (sys:      0.000 wall:      0.000)
TryCorrector........................:      0.000 (sys:      0.000 wall:      0.000)
Task1...............................:      0.000 (sys:      0.000 wall:      0.000)
Task2...............................:      0.000 (sys:      0.000 wall:      0.000)
Task3...............................:      0.000 (sys:      0.000 wall:      0.000)
Task4...............................:      0.000 (sys:      0.000 wall:      0.000)
Task5...............................:      0.000 (sys:      0.000 wall:      0.000)
Task6...............................:      0.000 (sys:      0.000 wall:      0.000)
Function Evaluations................:      0.005 (sys:      0.000 wall:      0.005)
 Objective function.................:      0.000 (sys:      0.000 wall:      0.000)
 Objective function gradient........:      0.000 (sys:      0.000 wall:      0.000)
 Equality constraints...............:      0.000 (sys:      0.000 wall:      0.000)
 Inequality constraints.............:      0.000 (sys:      0.000 wall:      0.000)
 Equality constraint Jacobian.......:      0.001 (sys:      0.000 wall:      0.001)
 Inequality constraint Jacobian.....:      0.000 (sys:      0.000 wall:      0.000)
 Lagrangian Hessian.................:      0.004 (sys:      0.000 wall:      0.004)

EXIT: Optimal Solution Found.
Total number of variables............................:     1900
                     variables with only lower bounds:        0
                variables with lower and upper bounds:      600
                     variables with only upper bounds:        0
Total number of equality constraints.................:     1300
Total number of inequality constraints...............:        0
        inequality constraints with only lower bounds:        0
   inequality constraints with lower and upper bounds:        0
        inequality constraints with only upper bounds:        0


Number of Iterations....: 4

                                   (scaled)                 (unscaled)
Objective...............:   2.9201138779327378e+00    2.9201138779327378e+00
Dual infeasibility......:   2.5153212845907547e-12    2.5153212845907547e-12
Constraint violation....:   4.3368086899420177e-19    4.3368086899420177e-19
Variable bound violation:   0.0000000000000000e+00    0.0000000000000000e+00
Complementarity.........:   1.8449256739524083e-06    1.8449256739524083e-06
Overall NLP error.......:   1.8449256739524083e-06    1.8449256739524083e-06


Number of objective function evaluations             = 5
Number of objective gradient evaluations             = 5
Number of equality constraint evaluations            = 5
Number of inequality constraint evaluations          = 0
Number of equality constraint Jacobian evaluations   = 5
Number of inequality constraint Jacobian evaluations = 0
Number of Lagrangian Hessian evaluations             = 4
Total seconds in IPOPT (w/o function evaluations)    =      0.012
Total seconds in NLP function evaluations            =      0.005


Timing Statistics:

OverallAlgorithm....................:      0.014 (sys:      0.003 wall:      0.017)
 PrintProblemStatistics.............:      0.000 (sys:      0.000 wall:      0.000)
 InitializeIterates.................:      0.000 (sys:      0.003 wall:      0.003)
 UpdateHessian......................:      0.004 (sys:      0.000 wall:      0.004)
 OutputIteration....................:      0.000 (sys:      0.000 wall:      0.000)
 UpdateBarrierParameter.............:      0.000 (sys:      0.000 wall:      0.000)
 ComputeSearchDirection.............:      0.008 (sys:      0.000 wall:      0.008)
 ComputeAcceptableTrialPoint........:      0.000 (sys:      0.000 wall:      0.000)
 AcceptTrialPoint...................:      0.000 (sys:      0.000 wall:      0.000)
 CheckConvergence...................:      0.001 (sys:      0.000 wall:      0.001)
PDSystemSolverTotal.................:      0.008 (sys:      0.000 wall:      0.008)
 PDSystemSolverSolveOnce............:      0.008 (sys:      0.000 wall:      0.008)
 ComputeResiduals...................:      0.000 (sys:      0.000 wall:      0.000)
 StdAugSystemSolverMultiSolve.......:      0.008 (sys:      0.003 wall:      0.011)
 LinearSystemScaling................:      0.000 (sys:      0.000 wall:      0.000)
 LinearSystemSymbolicFactorization..:      0.000 (sys:      0.001 wall:      0.001)
 LinearSystemFactorization..........:      0.000 (sys:      0.000 wall:      0.000)
 LinearSystemBackSolve..............:      0.001 (sys:      0.000 wall:      0.002)
 LinearSystemStructureConverter.....:      0.000 (sys:      0.000 wall:      0.000)
  LinearSystemStructureConverterInit:      0.000 (sys:      0.000 wall:      0.000)
QualityFunctionSearch...............:      0.000 (sys:      0.000 wall:      0.000)
TryCorrector........................:      0.000 (sys:      0.000 wall:      0.000)
Task1...............................:      0.000 (sys:      0.000 wall:      0.000)
Task2...............................:      0.000 (sys:      0.000 wall:      0.000)
Task3...............................:      0.000 (sys:      0.000 wall:      0.000)
Task4...............................:      0.000 (sys:      0.000 wall:      0.000)
Task5...............................:      0.000 (sys:      0.000 wall:      0.000)
Task6...............................:      0.000 (sys:      0.000 wall:      0.000)
Function Evaluations................:      0.005 (sys:      0.000 wall:      0.005)
 Objective function.................:      0.000 (sys:      0.000 wall:      0.000)
 Objective function gradient........:      0.000 (sys:      0.000 wall:      0.000)
 Equality constraints...............:      0.000 (sys:      0.000 wall:      0.000)
 Inequality constraints.............:      0.000 (sys:      0.000 wall:      0.000)
 Equality constraint Jacobian.......:      0.001 (sys:      0.000 wall:      0.001)
 Inequality constraint Jacobian.....:      0.000 (sys:      0.000 wall:      0.000)
 Lagrangian Hessian.................:      0.004 (sys:      0.000 wall:      0.004)

EXIT: Optimal Solution Found.
