Total number of variables............................:     1900
                     variables with only lower bounds:        0
                variables with lower and upper bounds:      600
                     variables with only upper bounds:        0
Total number of equality constraints.................:     1300
Total number of inequality constraints...............:        0
        inequality constraints with only lower bounds:        0
   inequality constraints with lower and upper bounds:        0
        inequality constraints with only upper bounds:        0


Number of Iterations....: 5

                                   (scaled)                 (unscaled)
Objective...............:   3.4605433339087263e+03    6.9210866678174525e+07
Dual infeasibility......:   5.3249037979506495e+04    1.0649807595901299e+09
Constraint violation....:   3.9128639671657077e-03    3.9128639671657077e-03
Variable bound violation:   0.0000000000000000e+00    0.0000000000000000e+00
Complementarity.........:   2.8260585382173919e-01    5.6521170764347835e+03
Overall NLP error.......:   9.2968895287570631e+03    1.0649807595901299e+09


Number of objective function evaluations             = 6
Number of objective gradient evaluations             = 6
Number of equality constraint evaluations            = 6
Number of inequality constraint evaluations          = 0
Number of equality constraint Jacobian evaluations   = 6
Number of inequality constraint Jacobian evaluations = 0
Number of Lagrangian Hessian evaluations             = 5
Total seconds in IPOPT (w/o function evaluations)    =      0.018
Total seconds in NLP function evaluations            =      0.007


Timing Statistics:

OverallAlgorithm....................:      0.025 (sys:      0.000 wall:      0.025)
 PrintProblemStatistics.............:      0.000 (sys:      0.000 wall:      0.000)
 InitializeIterates.................:      0.004 (sys:      0.000 wall:      0.004)
 UpdateHessian......................:      0.005 (sys:      0.000 wall:      0.005)
 OutputIteration....................:      0.000 (sys:      0.000 wall:      0.000)
 UpdateBarrierParameter.............:      0.000 (sys:      0.000 wall:      0.000)
 ComputeSearchDirection.............:      0.014 (sys:      0.000 wall:      0.014)
 ComputeAcceptableTrialPoint........:      0.001 (sys:      0.000 wall:      0.001)
 AcceptTrialPoint...................:      0.000 (sys:      0.000 wall:      0.000)
 CheckConvergence...................:      0.002 (sys:      0.000 wall:      0.002)
PDSystemSolverTotal.................:      0.014 (sys:      0.000 wall:      0.014)
 PDSystemSolverSolveOnce............:      0.014 (sys:      0.000 wall:      0.014)
 ComputeResiduals...................:      0.000 (sys:      0.000 wall:      0.000)
 StdAugSystemSolverMultiSolve.......:      0.017 (sys:      0.000 wall:      0.017)
 LinearSystemScaling................:      0.000 (sys:      0.000 wall:      0.000)
 LinearSystemSymbolicFactorization..:      0.002 (sys:      0.000 wall:      0.002)
 LinearSystemFactorization..........:      0.000 (sys:      0.000 wall:      0.000)
 LinearSystemBackSolve..............:      0.002 (sys:      0.000 wall:      0.002)
 LinearSystemStructureConverter.....:      0.000 (sys:      0.000 wall:      0.000)
  LinearSystemStructureConverterInit:      0.000 (sys:      0.000 wall:      0.000)
QualityFunctionSearch...............:      0.000 (sys:      0.000 wall:      0.000)
TryCorrector........................:      0.000 (sys:      0.000 wall:      0.000)
Task1...............................:      0.000 (sys:      0.000 wall:      0.000)
Task2...............................:      0.000 (sys:      0.000 wall:      0.000)
Task3...............................:      0.000 (sys:      0.000 wall:      0.000)
Task4...............................:      0.000 (sys:      0.000 wall:      0.000)
Task5...............................:      0.000 (sys:      0.000 wall:      0.000)
Task6...............................:      0.000 (sys:      0.000 wall:      0.000)
Function Evaluations................:      0.007 (sys:      0.000 wall:      0.007)
 Objective function.................:      0.000 (sys:      0.000 wall:      0.000)
 Objective function gradient........:      0.000 (sys:      0.000 wall:      0.000)
 Equality constraints...............:      0.000 (sys:      0.000 wall:      0.000)
 Inequality constraints.............:      0.000 (sys:      0.000 wall:      0.000)
 Equality constraint Jacobian.......:      0.002 (sys:      0.000 wall:      0.002)
 Inequality constraint Jacobian.....:      0.000 (sys:      0.000 wall:      0.000)
 Lagrangian Hessian.................:      0.005 (sys:      0.000 wall:      0.005)

EXIT: Maximum Number of Iterations Exceeded.
Total number of variables............................:     1900
                     variables with only lower bounds:        0
                variables with lower and upper bounds:      600
                     variables with only upper bounds:        0
Total number of equality constraints.................:     1300
Total number of inequality constraints...............:        0
        inequality constraints with only lower bounds:        0
   inequality constraints with lower and upper bounds:        0
        inequality constraints with only upper bounds:        0


Number of Iterations....: 5

                                   (scaled)                 (unscaled)
Objective...............:   2.2799298417487862e+03    3.6094800890089966e+07
Dual infeasibility......:   3.6279392367284690e+03    5.7435865785508566e+07
Constraint violation....:   2.1052890541314762e-02    2.1052890541314762e-02
Variable bound violation:   0.0000000000000000e+00    0.0000000000000000e+00
Complementarity.........:   8.4144385398451538e-02    1.3321352180935894e+03
Overall NLP error.......:   1.5159185337943425e+03    5.7435865785508566e+07


Number of objective function evaluations             = 6
Number of objective gradient evaluations             = 6
Number of equality constraint evaluations            = 6
Number of inequality constraint evaluations          = 0
Number of equality constraint Jacobian evaluations   = 6
Number of inequality constraint Jacobian evaluations = 0
Number of Lagrangian Hessian evaluations             = 5
Total seconds in IPOPT (w/o function evaluations)    =      0.012
Total seconds in NLP function evaluations            =      0.007


Timing Statistics:

OverallAlgorithm....................:      0.018 (sys:      0.000 wall:      0.018)
 PrintProblemStatistics.............:      0.000 (sys:      0.000 wall:      0.000)
 InitializeIterates.................:      0.004 (sys:      0.000 wall:      0.004)
 UpdateHessian......................:      0.005 (sys:      0.000 wall:      0.005)
 OutputIteration....................:      0.000 (sys:      0.000 wall:      0.000)
 UpdateBarrierParameter.............:      0.000 (sys:      0.000 wall:      0.000)
 ComputeSearchDirection.............:      0.008 (sys:      0.000 wall:      0.008)
 ComputeAcceptableTrialPoint........:      0.000 (sys:      0.000 wall:      0.000)
 AcceptTrialPoint...................:      0.000 (sys:      0.000 wall:      0.000)
 CheckConvergence...................:      0.002 (sys:      0.000 wall:      0.002)
PDSystemSolverTotal.................:      0.008 (sys:      0.000 wall:      0.008)
 PDSystemSolverSolveOnce............:      0.007 (sys:      0.000 wall:      0.007)
 ComputeResiduals...................:      0.000 (sys:      0.000 wall:      0.000)
 StdAugSystemSolverMultiSolve.......:      0.010 (sys:      0.000 wall:      0.010)
 LinearSystemScaling................:      0.000 (sys:      0.000 wall:      0.000)
 LinearSystemSymbolicFactorization..:      0.002 (sys:      0.000 wall:      0.002)
 LinearSystemFactorization..........:      0.000 (sys:      0.000 wall:      0.000)
 LinearSystemBackSolve..............:      0.002 (sys:      0.000 wall:      0.002)
 LinearSystemStructureConverter.....:      0.000 (sys:      0.000 wall:      0.000)
  LinearSystemStructureConverterInit:      0.000 (sys:      0.000 wall:      0.000)
QualityFunctionSearch...............:      0.000 (sys:      0.000 wall:      0.000)
TryCorrector........................:      0.000 (sys:      0.000 wall:      0.000)
Task1...............................:      0.000 (sys:      0.000 wall:      0.000)
Task2...............................:      0.000 (sys:      0.000 wall:      0.000)
Task3...............................:      0.000 (sys:      0.000 wall:      0.000)
Task4...............................:      0.000 (sys:      0.000 wall:      0.000)
Task5...............................:      0.000 (sys:      0.000 wall:      0.000)
Task6...............................:      0.000 (sys:      0.000 wall:      0.000)
Function Evaluations................:      0.007 (sys:      0.000 wall:      0.007)
 Objective function.................:      0.000 (sys:      0.000 wall:      0.000)
 Objective function gradient........:      0.000 (sys:      0.000 wall:      0.000)
 Equality constraints...............:      0.000 (sys:      0.000 wall:      0.000)
 Inequality constraints.............:      0.000 (sys:      0.000 wall:      0.000)
 Equality constraint Jacobian.......:      0.002 (sys:      0.000 wall:      0.002)
 Inequality constraint Jacobian.....:      0.000 (sys:      0.000 wall:      0.000)
 Lagrangian Hessian.................:      0.005 (sys:      0.000 wall:      0.005)

EXIT: Maximum Number of Iterations Exceeded.
Total number of variables............................:     1900
                     variables with only lower bounds:        0
                variables with lower and upper bounds:      600
                     variables with only upper bounds:        0
Total number of equality constraints.................:     1300
Total number of inequality constraints...............:        0
        inequality constraints with only lower bounds:        0
   inequality constraints with lower and upper bounds:        0
        inequality constraints with only upper bounds:        0


Number of Iterations....: 5

                                   (scaled)                 (unscaled)
Objective...............:   5.6624287074951894e+02    1.1234056700336760e+07
Dual infeasibility......:   1.6547453804999772e+04    3.2829558462344426e+08
Constraint violation....:   1.9790778977754497e-02    1.9790778977754497e-02
Variable bound violation:   0.0000000000000000e+00    0.0000000000000000e+00
Complementarity.........:   1.2897986754265015e-01    2.5589145930581017e+03
Overall NLP error.......:   4.0611442277338674e+03    3.2829558462344426e+08


Number of objective function evaluations             = 6
Number of objective gradient evaluations             = 6
Number of equality constraint evaluations            = 6
Number of inequality constraint evaluations          = 0
Number of equality constraint Jacobian evaluations   = 6
Number of inequality constraint Jacobian evaluations = 0
Number of Lagrangian Hessian evaluations             = 5
Total seconds in IPOPT (w/o function evaluations)    =      0.011
Total seconds in NLP function evaluations            =      0.006


Timing Statistics:

OverallAlgorithm....................:      0.018 (sys:      0.000 wall:      0.018)
 PrintProblemStatistics.............:      0.000 (sys:      0.000 wall:      0.000)
 InitializeIterates.................:      0.003 (sys:      0.000 wall:      0.003)
 UpdateHessian......................:      0.005 (sys:      0.000 wall:      0.005)
 OutputIteration....................:      0.000 (sys:      0.000 wall:      0.000)
 UpdateBarrierParameter.............:      0.000 (sys:      0.000 wall:      0.000)
 ComputeSearchDirection.............:      0.008 (sys:      0.000 wall:      0.008)
 ComputeAcceptableTrialPoint........:      0.000 (sys:      0.000 wall:      0.000)
 AcceptTrialPoint...................:      0.000 (sys:      0.000 wall:      0.000)
 CheckConvergence...................:      0.002 (sys:      0.000 wall:      0.002)
PDSystemSolverTotal.................:      0.008 (sys:      0.000 wall:      0.008)
 PDSystemSolverSolveOnce............:      0.007 (sys:      0.000 wall:      0.007)
 ComputeResiduals...................:      0.000 (sys:      0.000 wall:      0.000)
 StdAugSystemSolverMultiSolve.......:      0.010 (sys:      0.000 wall:      0.010)
 LinearSystemScaling................:      0.000 (sys:      0.000 wall:      0.000)
 LinearSystemSymbolicFactorization..:      0.001 (sys:      0.000 wall:      0.001)
 LinearSystemFactorization..........:      0.000 (sys:      0.000 wall:      0.000)
 LinearSystemBackSolve..............:      0.002 (sys:      0.000 wall:      0.002)
 LinearSystemStructureConverter.....:      0.000 (sys:      0.000 wall:      0.000)
  LinearSystemStructureConverterInit:      0.000 (sys:      0.000 wall:      0.000)
QualityFunctionSearch...............:      0.000 (sys:      0.000 wall:      0.000)
TryCorrector........................:      0.000 (sys:      0.000 wall:      0.000)
Task1...............................:      0.000 (sys:      0.000 wall:      0.000)
Task2...............................:      0.000 (sys:      0.000 wall:      0.000)
Task3...............................:      0.000 (sys:      0.000 wall:      0.000)
Task4...............................:      0.000 (sys:      0.000 wall:      0.000)
Task5...............................:      0.000 (sys:      0.000 wall:      0.000)
Task6...............................:      0.000 (sys:      0.000 wall:      0.000)
Function Evaluations................:      0.006 (sys:      0.000 wall:      0.006)
 Objective function.................:      0.000 (sys:      0.000 wall:      0.000)
 Objective function gradient........:      0.000 (sys:      0.000 wall:      0.000)
 Equality constraints...............:      0.000 (sys:      0.000 wall:      0.000)
 Inequality constraints.............:      0.000 (sys:      0.000 wall:      0.000)
 Equality constraint Jacobian.......:      0.001 (sys:      0.000 wall:      0.001)
 Inequality constraint Jacobian.....:      0.000 (sys:      0.000 wall:      0.000)
 Lagrangian Hessian.................:      0.005 (sys:      0.000 wall:      0.005)

EXIT: Maximum Number of Iterations Exceeded.
Total number of variables............................:     1900
                     variables with only lower bounds:        0
                variables with lower and upper bounds:      600
                     variables with only upper bounds:        0
Total number of equality constraints.................:     1300
Total number of inequality constraints...............:        0
        inequality constraints with only lower bounds:        0
   inequality constraints with lower and upper bounds:        0
        inequality constraints with only upper bounds:        0


Number of Iterations....: 5

                                   (scaled)                 (unscaled)
Objective...............:   3.3961637847070114e+02    6.7241250205013072e+06
Dual infeasibility......:   4.7901660694050173e+02    9.4841349126574658e+06
Constraint violation....:   3.7915187264703221e-05    3.7915187264703221e-05
Variable bound violation:   0.0000000000000000e+00    0.0000000000000000e+00
Complementarity.........:   3.0549492738475889e-02    6.0485483477390733e+02
Overall NLP error.......:   2.7185832895423732e+02    9.4841349126574658e+06


Number of objective function evaluations             = 6
Number of objective gradient evaluations             = 6
Number of equality constraint evaluations            = 6
Number of inequality constraint evaluations          = 0
Number of equality constraint Jacobian evaluations   = 6
Number of inequality constraint Jacobian evaluations = 0
Number of Lagrangian Hessian evaluations             = 5
Total seconds in IPOPT (w/o function evaluations)    =      0.011
Total seconds in NLP function evaluations            =      0.007


Timing Statistics:

OverallAlgorithm....................:      0.018 (sys:      0.000 wall:      0.018)
 PrintProblemStatistics.............:      0.000 (sys:      0.000 wall:      0.000)
 InitializeIterates.................:      0.003 (sys:      0.000 wall:      0.003)
 UpdateHessian......................:      0.005 (sys:      0.000 wall:      0.005)
 OutputIteration....................:      0.000 (sys:      0.000 wall:      0.000)
 UpdateBarrierParameter.............:      0.000 (sys:      0.000 wall:      0.000)
 ComputeSearchDirection.............:      0.008 (sys:      0.000 wall:      0.008)
 ComputeAcceptableTrialPoint........:      0.000 (sys:      0.000 wall:      0.000)
 AcceptTrialPoint...................:      0.000 (sys:      0.000 wall:      0.000)
 CheckConvergence...................:      0.002 (sys:      0.000 wall:      0.002)
PDSystemSolverTotal.................:      0.008 (sys:      0.000 wall:      0.008)
 PDSystemSolverSolveOnce............:      0.007 (sys:      0.000 wall:      0.007)
 ComputeResiduals...................:      0.000 (sys:      0.000 wall:      0.000)
 StdAugSystemSolverMultiSolve.......:      0.010 (sys:      0.000 wall:      0.010)
 LinearSystemScaling................:      0.000 (sys:      0.000 wall:      0.000)
 LinearSystemSymbolicFactorization..:      0.001 (sys:      0.000 wall:      0.001)
 LinearSystemFactorization..........:      0.000 (sys:      0.000 wall:      0.000)
 LinearSystemBackSolve..............:      0.002 (sys:      0.000 wall:      0.002)
 LinearSystemStructureConverter.....:      0.000 (sys:      0.000 wall:      0.000)
  LinearSystemStructureConverterInit:      0.000 (sys:      0.000 wall:      0.000)
QualityFunctionSearch...............:      0.000 (sys:      0.000 wall:      0.000)
TryCorrector........................:      0.000 (sys:      0.000 wall:      0.000)
Task1...............................:      0.000 (sys:      0.000 wall:      0.000)
Task2...............................:      0.000 (sys:      0.000 wall:      0.000)
Task3...............................:      0.000 (sys:      0.000 wall:      0.000)
Task4...............................:      0.000 (sys:      0.000 wall:      0.000)
Task5...............................:      0.000 (sys:      0.000 wall:      0.000)
Task6...............................:      0.000 (sys:      0.000 wall:      0.000)
Function Evaluations................:      0.007 (sys:      0.000 wall:      0.007)
 Objective function.................:      0.000 (sys:      0.000 wall:      0.000)
 Objective function gradient........:      0.000 (sys:      0.000 wall:      0.000)
 Equality constraints...............:      0.000 (sys:      0.000 wall:      0.000)
 Inequality constraints.............:      0.000 (sys:      0.000 wall:      0.000)
 Equality constraint Jacobian.......:      0.002 (sys:      0.000 wall:      0.002)
 Inequality constraint Jacobian.....:      0.000 (sys:      0.000 wall:      0.000)
 Lagrangian Hessian.................:      0.005 (sys:      0.000 wall:      0.005)

EXIT: Maximum Number of Iterations Exceeded.
Total number of variables............................:     1900
                     variables with only lower bounds:        0
                variables with lower and upper bounds:      600
                     variables with only upper bounds:        0
Total number of equality constraints.................:     1300
Total number of inequality constraints...............:        0
        inequality constraints with only lower bounds:        0
   inequality constraints with lower and upper bounds:        0
        inequality constraints with only upper bounds:        0


Number of Iterations....: 5

                                   (scaled)                 (unscaled)
Objective...............:   2.4115738431446093e+02    4.8140813328580260e+06
Dual infeasibility......:   1.1144980908490902e+02    2.2248062069152184e+06
Constraint violation....:   2.1334203159639742e-05    2.1334203159639742e-05
Variable bound violation:   0.0000000000000000e+00    0.0000000000000000e+00
Complementarity.........:   3.6898523393085560e-02    7.3658326151461210e+02
Overall NLP error.......:   9.4301060483175746e+01    2.2248062069152184e+06


Number of objective function evaluations             = 6
Number of objective gradient evaluations             = 6
Number of equality constraint evaluations            = 6
Number of inequality constraint evaluations          = 0
Number of equality constraint Jacobian evaluations   = 6
Number of inequality constraint Jacobian evaluations = 0
Number of Lagrangian Hessian evaluations             = 5
Total seconds in IPOPT (w/o function evaluations)    =      0.011
Total seconds in NLP function evaluations            =      0.006


Timing Statistics:

OverallAlgorithm....................:      0.018 (sys:      0.000 wall:      0.018)
 PrintProblemStatistics.............:      0.000 (sys:      0.000 wall:      0.000)
 InitializeIterates.................:      0.003 (sys:      0.000 wall:      0.003)
 UpdateHessian......................:      0.005 (sys:      0.000 wall:      0.005)
 OutputIteration....................:      0.000 (sys:      0.000 wall:      0.000)
 UpdateBarrierParameter.............:      0.000 (sys:      0.000 wall:      0.000)
 ComputeSearchDirection.............:      0.008 (sys:      0.000 wall:      0.008)
 ComputeAcceptableTrialPoint........:      0.000 (sys:      0.000 wall:      0.000)
 AcceptTrialPoint...................:      0.000 (sys:      0.000 wall:      0.000)
 CheckConvergence...................:      0.002 (sys:      0.000 wall:      0.002)
PDSystemSolverTotal.................:      0.008 (sys:      0.000 wall:      0.008)
 PDSystemSolverSolveOnce............:      0.007 (sys:      0.000 wall:      0.007)
 ComputeResiduals...................:      0.000 (sys:      0.000 wall:      0.000)
 StdAugSystemSolverMultiSolve.......:      0.010 (sys:      0.000 wall:      0.010)
 LinearSystemScaling................:      0.000 (sys:      0.000 wall:      0.000)
 LinearSystemSymbolicFactorization..:      0.001 (sys:      0.000 wall:      0.001)
 LinearSystemFactorization..........:      0.000 (sys:      0.000 wall:      0.000)
 LinearSystemBackSolve..............:      0.002 (sys:      0.000 wall:      0.002)
 LinearSystemStructureConverter.....:      0.000 (sys:      0.000 wall:      0.000)
  LinearSystemStructureConverterInit:      0.000 (sys:      0.000 wall:      0.000)
QualityFunctionSearch...............:      0.000 (sys:      0.000 wall:      0.000)
TryCorrector........................:      0.000 (sys:      0.000 wall:      0.000)
Task1...............................:      0.000 (sys:      0.000 wall:      0.000)
Task2...............................:      0.000 (sys:      0.000 wall:      0.000)
Task3...............................:      0.000 (sys:      0.000 wall:      0.000)
Task4...............................:      0.000 (sys:      0.000 wall:      0.000)
Task5...............................:      0.000 (sys:      0.000 wall:      0.000)
Task6...............................:      0.000 (sys:      0.000 wall:      0.000)
Function Evaluations................:      0.006 (sys:      0.000 wall:      0.006)
 Objective function.................:      0.000 (sys:      0.000 wall:      0.000)
 Objective function gradient........:      0.000 (sys:      0.000 wall:      0.000)
 Equality constraints...............:      0.000 (sys:      0.000 wall:      0.000)
 Inequality constraints.............:      0.000 (sys:      0.000 wall:      0.000)
 Equality constraint Jacobian.......:      0.001 (sys:      0.000 wall:      0.001)
 Inequality constraint Jacobian.....:      0.000 (sys:      0.000 wall:      0.000)
 Lagrangian Hessian.................:      0.005 (sys:      0.000 wall:      0.005)

EXIT: Maximum Number of Iterations Exceeded.
Total number of variables............................:     1900
                     variables with only lower bounds:        0
                variables with lower and upper bounds:      600
                     variables with only upper bounds:        0
Total number of equality constraints.................:     1300
Total number of inequality constraints...............:        0
        inequality constraints with only lower bounds:        0
   inequality constraints with lower and upper bounds:        0
        inequality constraints with only upper bounds:        0


Number of Iterations....: 5

                                   (scaled)                 (unscaled)
Objective...............:   1.6168301625702412e+02    3.1764393694337783e+06
Dual infeasibility......:   3.0682635927336150e+01    6.0279388011082914e+05
Constraint violation....:   1.7667572727475545e-05    1.7667572727475545e-05
Variable bound violation:   0.0000000000000000e+00    0.0000000000000000e+00
Complementarity.........:   3.6068031177112263e-02    7.0859584921905537e+02
Overall NLP error.......:   3.0682635927336150e+01    6.0279388011082914e+05


Number of objective function evaluations             = 6
Number of objective gradient evaluations             = 6
Number of equality constraint evaluations            = 6
Number of inequality constraint evaluations          = 0
Number of equality constraint Jacobian evaluations   = 6
Number of inequality constraint Jacobian evaluations = 0
Number of Lagrangian Hessian evaluations             = 5
Total seconds in IPOPT (w/o function evaluations)    =      0.011
Total seconds in NLP function evaluations            =      0.006


Timing Statistics:

OverallAlgorithm....................:      0.018 (sys:      0.000 wall:      0.018)
 PrintProblemStatistics.............:      0.000 (sys:      0.000 wall:      0.000)
 InitializeIterates.................:      0.003 (sys:      0.000 wall:      0.003)
 UpdateHessian......................:      0.005 (sys:      0.000 wall:      0.005)
 OutputIteration....................:      0.000 (sys:      0.000 wall:      0.000)
 UpdateBarrierParameter.............:      0.000 (sys:      0.000 wall:      0.000)
 ComputeSearchDirection.............:      0.008 (sys:      0.000 wall:      0.008)
 ComputeAcceptableTrialPoint........:      0.000 (sys:      0.000 wall:      0.000)
 AcceptTrialPoint...................:      0.000 (sys:      0.000 wall:      0.000)
 CheckConvergence...................:      0.002 (sys:      0.000 wall:      0.002)
PDSystemSolverTotal.................:      0.007 (sys:      0.000 wall:      0.007)
 PDSystemSolverSolveOnce............:      0.007 (sys:      0.000 wall:      0.007)
 ComputeResiduals...................:      0.000 (sys:      0.000 wall:      0.000)
 StdAugSystemSolverMultiSolve.......:      0.010 (sys:      0.000 wall:      0.010)
 LinearSystemScaling................:      0.000 (sys:      0.000 wall:      0.000)
 LinearSystemSymbolicFactorization..:      0.001 (sys:      0.000 wall:      0.001)
 LinearSystemFactorization..........:      0.000 (sys:      0.000 wall:      0.000)
 LinearSystemBackSolve..............:      0.002 (sys:      0.000 wall:      0.002)
 LinearSystemStructureConverter.....:      0.000 (sys:      0.000 wall:      0.000)
  LinearSystemStructureConverterInit:      0.000 (sys:      0.000 wall:      0.000)
QualityFunctionSearch...............:      0.000 (sys:      0.000 wall:      0.000)
TryCorrector........................:      0.000 (sys:      0.000 wall:      0.000)
Task1...............................:      0.000 (sys:      0.000 wall:      0.000)
Task2...............................:      0.000 (sys:      0.000 wall:      0.000)
Task3...............................:      0.000 (sys:      0.000 wall:      0.000)
Task4...............................:      0.000 (sys:      0.000 wall:      0.000)
Task5...............................:      0.000 (sys:      0.000 wall:      0.000)
Task6...............................:      0.000 (sys:      0.000 wall:      0.000)
Function Evaluations................:      0.006 (sys:      0.000 wall:      0.006)
 Objective function.................:      0.000 (sys:      0.000 wall:      0.000)
 Objective function gradient........:      0.000 (sys:      0.000 wall:      0.000)
 Equality constraints...............:      0.000 (sys:      0.000 wall:      0.000)
 Inequality constraints.............:      0.000 (sys:      0.000 wall:      0.000)
 Equality constraint Jacobian.......:      0.001 (sys:      0.000 wall:      0.001)
 Inequality constraint Jacobian.....:      0.000 (sys:      0.000 wall:      0.000)
 Lagrangian Hessian.................:      0.005 (sys:      0.000 wall:      0.005)

EXIT: Maximum Number of Iterations Exceeded.
Total number of variables............................:     1900
                     variables with only lower bounds:        0
                variables with lower and upper bounds:      600
                     variables with only upper bounds:        0
Total number of equality constraints.................:     1300
Total number of inequality constraints...............:        0
        inequality constraints with only lower bounds:        0
   inequality constraints with lower and upper bounds:        0
        inequality constraints with only upper bounds:        0


Number of Iterations....: 5

                                   (scaled)                 (unscaled)
Objective...............:   1.0151598086569270e+02    1.9381252858411856e+06
Dual infeasibility......:   4.9155265994357760e+03    9.3846370929476276e+07
Constraint violation....:   9.4272057670169440e-04    9.4272057670169440e-04
Variable bound violation:   0.0000000000000000e+00    0.0000000000000000e+00
Complementarity.........:   1.1625464147665958e-01    2.2195132068951020e+03
Overall NLP error.......:   1.1032460726361905e+03    9.3846370929476276e+07


Number of objective function evaluations             = 6
Number of objective gradient evaluations             = 6
Number of equality constraint evaluations            = 6
Number of inequality constraint evaluations          = 0
Number of equality constraint Jacobian evaluations   = 6
Number of inequality constraint Jacobian evaluations = 0
Number of Lagrangian Hessian evaluations             = 5
Total seconds in IPOPT (w/o function evaluations)    =      0.011
Total seconds in NLP function evaluations            =      0.007


Timing Statistics:

OverallAlgorithm....................:      0.018 (sys:      0.000 wall:      0.018)
 PrintProblemStatistics.............:      0.000 (sys:      0.000 wall:      0.000)
 InitializeIterates.................:      0.003 (sys:      0.000 wall:      0.003)
 UpdateHessian......................:      0.005 (sys:      0.000 wall:      0.005)
 OutputIteration....................:      0.000 (sys:      0.000 wall:      0.000)
 UpdateBarrierParameter.............:      0.000 (sys:      0.000 wall:      0.000)
 ComputeSearchDirection.............:      0.008 (sys:      0.000 wall:      0.008)
 ComputeAcceptableTrialPoint........:      0.001 (sys:      0.000 wall:      0.001)
 AcceptTrialPoint...................:      0.000 (sys:      0.000 wall:      0.000)
 CheckConvergence...................:      0.002 (sys:      0.000 wall:      0.002)
PDSystemSolverTotal.................:      0.008 (sys:      0.000 wall:      0.008)
 PDSystemSolverSolveOnce............:      0.007 (sys:      0.000 wall:      0.007)
 ComputeResiduals...................:      0.000 (sys:      0.000 wall:      0.000)
 StdAugSystemSolverMultiSolve.......:      0.010 (sys:      0.000 wall:      0.010)
 LinearSystemScaling................:      0.000 (sys:      0.000 wall:      0.000)
 LinearSystemSymbolicFactorization..:      0.001 (sys:      0.000 wall:      0.001)
 LinearSystemFactorization..........:      0.000 (sys:      0.000 wall:      0.000)
 LinearSystemBackSolve..............:      0.002 (sys:      0.000 wall:      0.002)
 LinearSystemStructureConverter.....:      0.000 (sys:      0.000 wall:      0.000)
  LinearSystemStructureConverterInit:      0.000 (sys:      0.000 wall:      0.000)
QualityFunctionSearch...............:      0.000 (sys:      0.000 wall:      0.000)
TryCorrector........................:      0.000 (sys:      0.000 wall:      0.000)
Task1...............................:      0.000 (sys:      0.000 wall:      0.000)
Task2...............................:      0.000 (sys:      0.000 wall:      0.000)
Task3...............................:      0.000 (sys:      0.000 wall:      0.000)
Task4...............................:      0.000 (sys:      0.000 wall:      0.000)
Task5...............................:      0.000 (sys:      0.000 wall:      0.000)
Task6...............................:      0.000 (sys:      0.000 wall:      0.000)
Function Evaluations................:      0.007 (sys:      0.000 wall:      0.007)
 Objective function.................:      0.000 (sys:      0.000 wall:      0.000)
 Objective function gradient........:      0.000 (sys:      0.000 wall:      0.000)
 Equality constraints...............:      0.000 (sys:      0.000 wall:      0.000)
 Inequality constraints.............:      0.000 (sys:      0.000 wall:      0.000)
 Equality constraint Jacobian.......:      0.001 (sys:      0.000 wall:      0.002)
 Inequality constraint Jacobian.....:      0.000 (sys:      0.000 wall:      0.000)
 Lagrangian Hessian.................:      0.005 (sys:      0.000 wall:      0.005)

EXIT: Maximum Number of Iterations Exceeded.
Total number of variables............................:     1900
                     variables with only lower bounds:        0
                variables with lower and upper bounds:      600
                     variables with only upper bounds:        0
Total number of equality constraints.................:     1300
Total number of inequality constraints...............:        0
        inequality constraints with only lower bounds:        0
   inequality constraints with lower and upper bounds:        0
        inequality constraints with only upper bounds:        0


Number of Iterations....: 5

                                   (scaled)                 (unscaled)
Objective...............:   5.3044167767707229e+01    1.0579120077002877e+06
Dual infeasibility......:   2.8089239828243954e+03    5.6021133617564686e+07
Constraint violation....:   2.5814261289124757e-05    2.5814261289124757e-05
Variable bound violation:   0.0000000000000000e+00    0.0000000000000000e+00
Complementarity.........:   4.0005798836778017e-02    7.9787499263651875e+02
Overall NLP error.......:   1.8292953195754485e+03    5.6021133617564686e+07


Number of objective function evaluations             = 6
Number of objective gradient evaluations             = 6
Number of equality constraint evaluations            = 6
Number of inequality constraint evaluations          = 0
Number of equality constraint Jacobian evaluations   = 6
Number of inequality constraint Jacobian evaluations = 0
Number of Lagrangian Hessian evaluations             = 5
Total seconds in IPOPT (w/o function evaluations)    =      0.012
Total seconds in NLP function evaluations            =      0.006


Timing Statistics:

OverallAlgorithm....................:      0.018 (sys:      0.000 wall:      0.018)
 PrintProblemStatistics.............:      0.000 (sys:      0.000 wall:      0.000)
 InitializeIterates.................:      0.004 (sys:      0.000 wall:      0.004)
 UpdateHessian......................:      0.005 (sys:      0.000 wall:      0.005)
 OutputIteration....................:      0.000 (sys:      0.000 wall:      0.000)
 UpdateBarrierParameter.............:      0.000 (sys:      0.000 wall:      0.000)
 ComputeSearchDirection.............:      0.008 (sys:      0.000 wall:      0.008)
 ComputeAcceptableTrialPoint........:      0.000 (sys:      0.000 wall:      0.000)
 AcceptTrialPoint...................:      0.000 (sys:      0.000 wall:      0.000)
 CheckConvergence...................:      0.002 (sys:      0.000 wall:      0.002)
PDSystemSolverTotal.................:      0.008 (sys:      0.000 wall:      0.008)
 PDSystemSolverSolveOnce............:      0.007 (sys:      0.000 wall:      0.007)
 ComputeResiduals...................:      0.000 (sys:      0.000 wall:      0.000)
 StdAugSystemSolverMultiSolve.......:      0.010 (sys:      0.000 wall:      0.010)
 LinearSystemScaling................:      0.000 (sys:      0.000 wall:      0.000)
 LinearSystemSymbolicFactorization..:      0.002 (sys:      0.000 wall:      0.002)
 LinearSystemFactorization..........:      0.000 (sys:      0.000 wall:      0.000)
 LinearSystemBackSolve..............:      0.002 (sys:      0.000 wall:      0.002)
 LinearSystemStructureConverter.....:      0.000 (sys:      0.000 wall:      0.000)
  LinearSystemStructureConverterInit:      0.000 (sys:      0.000 wall:      0.000)
QualityFunctionSearch...............:      0.000 (sys:      0.000 wall:      0.000)
TryCorrector........................:      0.000 (sys:      0.000 wall:      0.000)
Task1...............................:      0.000 (sys:      0.000 wall:      0.000)
Task2...............................:      0.000 (sys:      0.000 wall:      0.000)
Task3...............................:      0.000 (sys:      0.000 wall:      0.000)
Task4...............................:      0.000 (sys:      0.000 wall:      0.000)
Task5...............................:      0.000 (sys:      0.000 wall:      0.000)
Task6...............................:      0.000 (sys:      0.000 wall:      0.000)
Function Evaluations................:      0.006 (sys:      0.000 wall:      0.006)
 Objective function.................:      0.000 (sys:      0.000 wall:      0.000)
 Objective function gradient........:      0.000 (sys:      0.000 wall:      0.000)
 Equality constraints...............:      0.000 (sys:      0.000 wall:      0.000)
 Inequality constraints.............:      0.000 (sys:      0.000 wall:      0.000)
 Equality constraint Jacobian.......:      0.001 (sys:      0.000 wall:      0.001)
 Inequality constraint Jacobian.....:      0.000 (sys:      0.000 wall:      0.000)
 Lagrangian Hessian.................:      0.005 (sys:      0.000 wall:      0.005)

EXIT: Maximum Number of Iterations Exceeded.
Total number of variables............................:     1900
                     variables with only lower bounds:        0
                variables with lower and upper bounds:      600
                     variables with only upper bounds:        0
Total number of equality constraints.................:     1300
Total number of inequality constraints...............:        0
        inequality constraints with only lower bounds:        0
   inequality constraints with lower and upper bounds:        0
        inequality constraints with only upper bounds:        0


Number of Iterations....: 5

                                   (scaled)                 (unscaled)
Objective...............:   2.7104318892214437e+01    5.3658743988343258e+05
Dual infeasibility......:   1.1430882969513696e+03    2.2629855605706979e+07
Constraint violation....:   1.8157631259556328e-05    1.8157631259556328e-05
Variable bound violation:   0.0000000000000000e+00    0.0000000000000000e+00
Complementarity.........:   3.8874785707334464e-02    7.6960877790983693e+02
Overall NLP error.......:   1.1430882969513696e+03    2.2629855605706979e+07


Number of objective function evaluations             = 6
Number of objective gradient evaluations             = 6
Number of equality constraint evaluations            = 6
Number of inequality constraint evaluations          = 0
Number of equality constraint Jacobian evaluations   = 6
Number of inequality constraint Jacobian evaluations = 0
Number of Lagrangian Hessian evaluations             = 5
Total seconds in IPOPT (w/o function evaluations)    =      0.011
Total seconds in NLP function evaluations            =      0.006


Timing Statistics:

OverallAlgorithm....................:      0.018 (sys:      0.000 wall:      0.018)
 PrintProblemStatistics.............:      0.000 (sys:      0.000 wall:      0.000)
 InitializeIterates.................:      0.003 (sys:      0.000 wall:      0.003)
 UpdateHessian......................:      0.005 (sys:      0.000 wall:      0.005)
 OutputIteration....................:      0.000 (sys:      0.000 wall:      0.000)
 UpdateBarrierParameter.............:      0.000 (sys:      0.000 wall:      0.000)
 ComputeSearchDirection.............:      0.008 (sys:      0.000 wall:      0.008)
 ComputeAcceptableTrialPoint........:      0.000 (sys:      0.000 wall:      0.000)
 AcceptTrialPoint...................:      0.000 (sys:      0.000 wall:      0.000)
 CheckConvergence...................:      0.002 (sys:      0.000 wall:      0.002)
PDSystemSolverTotal.................:      0.008 (sys:      0.000 wall:      0.008)
 PDSystemSolverSolveOnce............:      0.007 (sys:      0.000 wall:      0.007)
 ComputeResiduals...................:      0.000 (sys:      0.000 wall:      0.000)
 StdAugSystemSolverMultiSolve.......:      0.010 (sys:      0.000 wall:      0.010)
 LinearSystemScaling................:      0.000 (sys:      0.000 wall:      0.000)
 LinearSystemSymbolicFactorization..:      0.001 (sys:      0.000 wall:      0.001)
 LinearSystemFactorization..........:      0.000 (sys:      0.000 wall:      0.000)
 LinearSystemBackSolve..............:      0.002 (sys:      0.000 wall:      0.002)
 LinearSystemStructureConverter.....:      0.000 (sys:      0.000 wall:      0.000)
  LinearSystemStructureConverterInit:      0.000 (sys:      0.000 wall:      0.000)
QualityFunctionSearch...............:      0.000 (sys:      0.000 wall:      0.000)
TryCorrector........................:      0.000 (sys:      0.000 wall:      0.000)
Task1...............................:      0.000 (sys:      0.000 wall:      0.000)
Task2...............................:      0.000 (sys:      0.000 wall:      0.000)
Task3...............................:      0.000 (sys:      0.000 wall:      0.000)
Task4...............................:      0.000 (sys:      0.000 wall:      0.000)
Task5...............................:      0.000 (sys:      0.000 wall:      0.000)
Task6...............................:      0.000 (sys:      0.000 wall:      0.000)
Function Evaluations................:      0.006 (sys:      0.000 wall:      0.006)
 Objective function.................:      0.000 (sys:      0.000 wall:      0.000)
 Objective function gradient........:      0.000 (sys:      0.000 wall:      0.000)
 Equality constraints...............:      0.000 (sys:      0.000 wall:      0.000)
 Inequality constraints.............:      0.000 (sys:      0.000 wall:      0.000)
 Equality constraint Jacobian.......:      0.001 (sys:      0.000 wall:      0.001)
 Inequality constraint Jacobian.....:      0.000 (sys:      0.000 wall:      0.000)
 Lagrangian Hessian.................:      0.005 (sys:      0.000 wall:      0.005)

EXIT: Maximum Number of Iterations Exceeded.
Total number of variables............................:     1900
                     variables with only lower bounds:        0
                variables with lower and upper bounds:      600
                     variables with only upper bounds:        0
Total number of equality constraints.................:     1300
Total number of inequality constraints...............:        0
        inequality constraints with only lower bounds:        0
   inequality constraints with lower and upper bounds:        0
        inequality constraints with only upper bounds:        0


Number of Iterations....: 5

                                   (scaled)                 (unscaled)
Objective...............:   1.3249262815622583e+01    2.5720762381514322e+05
Dual infeasibility......:   1.4847440237799492e+03    2.8823300408825833e+07
Constraint violation....:   2.8699248810344592e-05    2.8699248810344592e-05
Variable bound violation:   0.0000000000000000e+00    0.0000000000000000e+00
Complementarity.........:   2.8843658474852034e-02    5.5994125572816631e+02
Overall NLP error.......:   1.4847440237799492e+03    2.8823300408825833e+07


Number of objective function evaluations             = 6
Number of objective gradient evaluations             = 6
Number of equality constraint evaluations            = 6
Number of inequality constraint evaluations          = 0
Number of equality constraint Jacobian evaluations   = 6
Number of inequality constraint Jacobian evaluations = 0
Number of Lagrangian Hessian evaluations             = 5
Total seconds in IPOPT (w/o function evaluations)    =      0.011
Total seconds in NLP function evaluations            =      0.006


Timing Statistics:

OverallAlgorithm....................:      0.018 (sys:      0.000 wall:      0.018)
 PrintProblemStatistics.............:      0.000 (sys:      0.000 wall:      0.000)
 InitializeIterates.................:      0.004 (sys:      0.000 wall:      0.004)
 UpdateHessian......................:      0.005 (sys:      0.000 wall:      0.005)
 OutputIteration....................:      0.000 (sys:      0.000 wall:      0.000)
 UpdateBarrierParameter.............:      0.000 (sys:      0.000 wall:      0.000)
 ComputeSearchDirection.............:      0.008 (sys:      0.000 wall:      0.008)
 ComputeAcceptableTrialPoint........:      0.000 (sys:      0.000 wall:      0.000)
 AcceptTrialPoint...................:      0.000 (sys:      0.000 wall:      0.000)
 CheckConvergence...................:      0.002 (sys:      0.000 wall:      0.002)
PDSystemSolverTotal.................:      0.008 (sys:      0.000 wall:      0.008)
 PDSystemSolverSolveOnce............:      0.007 (sys:      0.000 wall:      0.007)
 ComputeResiduals...................:      0.000 (sys:      0.000 wall:      0.000)
 StdAugSystemSolverMultiSolve.......:      0.010 (sys:      0.000 wall:      0.010)
 LinearSystemScaling................:      0.000 (sys:      0.000 wall:      0.000)
 LinearSystemSymbolicFactorization..:      0.002 (sys:      0.000 wall:      0.002)
 LinearSystemFactorization..........:      0.000 (sys:      0.000 wall:      0.000)
 LinearSystemBackSolve..............:      0.002 (sys:      0.000 wall:      0.002)
 LinearSystemStructureConverter.....:      0.000 (sys:      0.000 wall:      0.000)
  LinearSystemStructureConverterInit:      0.000 (sys:      0.000 wall:      0.000)
QualityFunctionSearch...............:      0.000 (sys:      0.000 wall:      0.000)
TryCorrector........................:      0.000 (sys:      0.000 wall:      0.000)
Task1...............................:      0.000 (sys:      0.000 wall:      0.000)
Task2...............................:      0.000 (sys:      0.000 wall:      0.000)
Task3...............................:      0.000 (sys:      0.000 wall:      0.000)
Task4...............................:      0.000 (sys:      0.000 wall:      0.000)
Task5...............................:      0.000 (sys:      0.000 wall:      0.000)
Task6...............................:      0.000 (sys:      0.000 wall:      0.000)
Function Evaluations................:      0.006 (sys:      0.000 wall:      0.006)
 Objective function.................:      0.000 (sys:      0.000 wall:      0.000)
 Objective function gradient........:      0.000 (sys:      0.000 wall:      0.000)
 Equality constraints...............:      0.000 (sys:      0.000 wall:      0.000)
 Inequality constraints.............:      0.000 (sys:      0.000 wall:      0.000)
 Equality constraint Jacobian.......:      0.001 (sys:      0.000 wall:      0.001)
 Inequality constraint Jacobian.....:      0.000 (sys:      0.000 wall:      0.000)
 Lagrangian Hessian.................:      0.005 (sys:      0.000 wall:      0.005)

EXIT: Maximum Number of Iterations Exceeded.
Total number of variables............................:     1900
                     variables with only lower bounds:        0
                variables with lower and upper bounds:      600
                     variables with only upper bounds:        0
Total number of equality constraints.................:     1300
Total number of inequality constraints...............:        0
        inequality constraints with only lower bounds:        0
   inequality constraints with lower and upper bounds:        0
        inequality constraints with only upper bounds:        0


Number of Iterations....: 5

                                   (scaled)                 (unscaled)
Objective...............:   6.0376516827290523e+00    1.1422127730032077e+05
Dual infeasibility......:   9.4499333730038870e-01    1.7877537774414061e+04
Constraint violation....:   2.8546035107048000e-06    2.8546035107048000e-06
Variable bound violation:   0.0000000000000000e+00    0.0000000000000000e+00
Complementarity.........:   2.0961858159272873e-02    3.9655984468088189e+02
Overall NLP error.......:   9.4499333730038870e-01    1.7877537774414061e+04


Number of objective function evaluations             = 6
Number of objective gradient evaluations             = 6
Number of equality constraint evaluations            = 6
Number of inequality constraint evaluations          = 0
Number of equality constraint Jacobian evaluations   = 6
Number of inequality constraint Jacobian evaluations = 0
Number of Lagrangian Hessian evaluations             = 5
Total seconds in IPOPT (w/o function evaluations)    =      0.012
Total seconds in NLP function evaluations            =      0.007


Timing Statistics:

OverallAlgorithm....................:      0.018 (sys:      0.000 wall:      0.018)
 PrintProblemStatistics.............:      0.000 (sys:      0.000 wall:      0.000)
 InitializeIterates.................:      0.004 (sys:      0.000 wall:      0.004)
 UpdateHessian......................:      0.005 (sys:      0.000 wall:      0.005)
 OutputIteration....................:      0.000 (sys:      0.000 wall:      0.000)
 UpdateBarrierParameter.............:      0.000 (sys:      0.000 wall:      0.000)
 ComputeSearchDirection.............:      0.008 (sys:      0.000 wall:      0.008)
 ComputeAcceptableTrialPoint........:      0.001 (sys:      0.000 wall:      0.001)
 AcceptTrialPoint...................:      0.000 (sys:      0.000 wall:      0.000)
 CheckConvergence...................:      0.002 (sys:      0.000 wall:      0.002)
PDSystemSolverTotal.................:      0.008 (sys:      0.000 wall:      0.008)
 PDSystemSolverSolveOnce............:      0.007 (sys:      0.000 wall:      0.007)
 ComputeResiduals...................:      0.000 (sys:      0.000 wall:      0.000)
 StdAugSystemSolverMultiSolve.......:      0.010 (sys:      0.000 wall:      0.010)
 LinearSystemScaling................:      0.000 (sys:      0.000 wall:      0.000)
 LinearSystemSymbolicFactorization..:      0.002 (sys:      0.000 wall:      0.002)
 LinearSystemFactorization..........:      0.000 (sys:      0.000 wall:      0.000)
 LinearSystemBackSolve..............:      0.002 (sys:      0.000 wall:      0.002)
 LinearSystemStructureConverter.....:      0.000 (sys:      0.000 wall:      0.000)
  LinearSystemStructureConverterInit:      0.000 (sys:      0.000 wall:      0.000)
QualityFunctionSearch...............:      0.000 (sys:      0.000 wall:      0.000)
TryCorrector........................:      0.000 (sys:      0.000 wall:      0.000)
Task1...............................:      0.000 (sys:      0.000 wall:      0.000)
Task2...............................:      0.000 (sys:      0.000 wall:      0.000)
Task3...............................:      0.000 (sys:      0.000 wall:      0.000)
Task4...............................:      0.000 (sys:      0.000 wall:      0.000)
Task5...............................:      0.000 (sys:      0.000 wall:      0.000)
Task6...............................:      0.000 (sys:      0.000 wall:      0.000)
Function Evaluations................:      0.007 (sys:      0.000 wall:      0.007)
 Objective function.................:      0.000 (sys:      0.000 wall:      0.000)
 Objective function gradient........:      0.000 (sys:      0.000 wall:      0.000)
 Equality constraints...............:      0.000 (sys:      0.000 wall:      0.000)
 Inequality constraints.............:      0.000 (sys:      0.000 wall:      0.000)
 Equality constraint Jacobian.......:      0.002 (sys:      0.000 wall:      0.002)
 Inequality constraint Jacobian.....:      0.000 (sys:      0.000 wall:      0.000)
 Lagrangian Hessian.................:      0.005 (sys:      0.000 wall:      0.005)

EXIT: Maximum Number of Iterations Exceeded.
Total number of variables............................:     1900
                     variables with only lower bounds:        0
                variables with lower and upper bounds:      600
                     variables with only upper bounds:        0
Total number of equality constraints.................:     1300
Total number of inequality constraints...............:        0
        inequality constraints with only lower bounds:        0
   inequality constraints with lower and upper bounds:        0
        inequality constraints with only upper bounds:        0


Number of Iterations....: 5

                                   (scaled)                 (unscaled)
Objective...............:   2.7004234258025739e+00    4.7623801489216457e+04
Dual infeasibility......:   2.9298116907830263e-01    5.1669219363688526e+03
Constraint violation....:   1.4619975304627645e-06    1.4619975304627645e-06
Variable bound violation:   0.0000000000000000e+00    0.0000000000000000e+00
Complementarity.........:   2.0825276758876889e-02    3.6726790208020299e+02
Overall NLP error.......:   2.9298116907830263e-01    5.1669219363688526e+03


Number of objective function evaluations             = 6
Number of objective gradient evaluations             = 6
Number of equality constraint evaluations            = 6
Number of inequality constraint evaluations          = 0
Number of equality constraint Jacobian evaluations   = 6
Number of inequality constraint Jacobian evaluations = 0
Number of Lagrangian Hessian evaluations             = 5
Total seconds in IPOPT (w/o function evaluations)    =      0.012
Total seconds in NLP function evaluations            =      0.007


Timing Statistics:

OverallAlgorithm....................:      0.018 (sys:      0.000 wall:      0.018)
 PrintProblemStatistics.............:      0.000 (sys:      0.000 wall:      0.000)
 InitializeIterates.................:      0.004 (sys:      0.000 wall:      0.004)
 UpdateHessian......................:      0.005 (sys:      0.000 wall:      0.005)
 OutputIteration....................:      0.000 (sys:      0.000 wall:      0.000)
 UpdateBarrierParameter.............:      0.000 (sys:      0.000 wall:      0.000)
 ComputeSearchDirection.............:      0.008 (sys:      0.000 wall:      0.008)
 ComputeAcceptableTrialPoint........:      0.001 (sys:      0.000 wall:      0.001)
 AcceptTrialPoint...................:      0.000 (sys:      0.000 wall:      0.000)
 CheckConvergence...................:      0.002 (sys:      0.000 wall:      0.002)
PDSystemSolverTotal.................:      0.008 (sys:      0.000 wall:      0.008)
 PDSystemSolverSolveOnce............:      0.007 (sys:      0.000 wall:      0.007)
 ComputeResiduals...................:      0.000 (sys:      0.000 wall:      0.000)
 StdAugSystemSolverMultiSolve.......:      0.010 (sys:      0.000 wall:      0.010)
 LinearSystemScaling................:      0.000 (sys:      0.000 wall:      0.000)
 LinearSystemSymbolicFactorization..:      0.002 (sys:      0.000 wall:      0.002)
 LinearSystemFactorization..........:      0.000 (sys:      0.000 wall:      0.000)
 LinearSystemBackSolve..............:      0.002 (sys:      0.000 wall:      0.002)
 LinearSystemStructureConverter.....:      0.000 (sys:      0.000 wall:      0.000)
  LinearSystemStructureConverterInit:      0.000 (sys:      0.000 wall:      0.000)
QualityFunctionSearch...............:      0.000 (sys:      0.000 wall:      0.000)
TryCorrector........................:      0.000 (sys:      0.000 wall:      0.000)
Task1...............................:      0.000 (sys:      0.000 wall:      0.000)
Task2...............................:      0.000 (sys:      0.000 wall:      0.000)
Task3...............................:      0.000 (sys:      0.000 wall:      0.000)
Task4...............................:      0.000 (sys:      0.000 wall:      0.000)
Task5...............................:      0.000 (sys:      0.000 wall:      0.000)
Task6...............................:      0.000 (sys:      0.000 wall:      0.000)
Function Evaluations................:      0.007 (sys:      0.000 wall:      0.007)
 Objective function.................:      0.000 (sys:      0.000 wall:      0.000)
 Objective function gradient........:      0.000 (sys:      0.000 wall:      0.000)
 Equality constraints...............:      0.000 (sys:      0.000 wall:      0.000)
 Inequality constraints.............:      0.000 (sys:      0.000 wall:      0.000)
 Equality constraint Jacobian.......:      0.001 (sys:      0.000 wall:      0.001)
 Inequality constraint Jacobian.....:      0.000 (sys:      0.000 wall:      0.000)
 Lagrangian Hessian.................:      0.005 (sys:      0.000 wall:      0.005)

EXIT: Maximum Number of Iterations Exceeded.
Total number of variables............................:     1900
                     variables with only lower bounds:        0
                variables with lower and upper bounds:      600
                     variables with only upper bounds:        0
Total number of equality constraints.................:     1300
Total number of inequality constraints...............:        0
        inequality constraints with only lower bounds:        0
   inequality constraints with lower and upper bounds:        0
        inequality constraints with only upper bounds:        0


Number of Iterations....: 5

                                   (scaled)                 (unscaled)
Objective...............:   1.1298165653922021e+00    1.8289335518053424e+04
Dual infeasibility......:   4.0173172925327183e-02    6.5031852157436924e+02
Constraint violation....:   1.2323569795746891e-06    1.2323569795746891e-06
Variable bound violation:   0.0000000000000000e+00    0.0000000000000000e+00
Complementarity.........:   1.0307856148925162e-03    1.6686234328143222e+01
Overall NLP error.......:   4.0173172925327183e-02    6.5031852157436924e+02


Number of objective function evaluations             = 6
Number of objective gradient evaluations             = 6
Number of equality constraint evaluations            = 6
Number of inequality constraint evaluations          = 0
Number of equality constraint Jacobian evaluations   = 6
Number of inequality constraint Jacobian evaluations = 0
Number of Lagrangian Hessian evaluations             = 5
Total seconds in IPOPT (w/o function evaluations)    =      0.012
Total seconds in NLP function evaluations            =      0.007


Timing Statistics:

OverallAlgorithm....................:      0.015 (sys:      0.003 wall:      0.018)
 PrintProblemStatistics.............:      0.000 (sys:      0.000 wall:      0.000)
 InitializeIterates.................:      0.000 (sys:      0.003 wall:      0.004)
 UpdateHessian......................:      0.005 (sys:      0.000 wall:      0.005)
 OutputIteration....................:      0.000 (sys:      0.000 wall:      0.000)
 UpdateBarrierParameter.............:      0.000 (sys:      0.000 wall:      0.000)
 ComputeSearchDirection.............:      0.008 (sys:      0.000 wall:      0.008)
 ComputeAcceptableTrialPoint........:      0.001 (sys:      0.000 wall:      0.001)
 AcceptTrialPoint...................:      0.000 (sys:      0.000 wall:      0.000)
 CheckConvergence...................:      0.002 (sys:      0.000 wall:      0.002)
PDSystemSolverTotal.................:      0.008 (sys:      0.000 wall:      0.008)
 PDSystemSolverSolveOnce............:      0.007 (sys:      0.000 wall:      0.007)
 ComputeResiduals...................:      0.000 (sys:      0.000 wall:      0.000)
 StdAugSystemSolverMultiSolve.......:      0.008 (sys:      0.003 wall:      0.010)
 LinearSystemScaling................:      0.000 (sys:      0.000 wall:      0.000)
 LinearSystemSymbolicFactorization..:      0.000 (sys:      0.002 wall:      0.002)
 LinearSystemFactorization..........:      0.000 (sys:      0.000 wall:      0.000)
 LinearSystemBackSolve..............:      0.002 (sys:      0.000 wall:      0.002)
 LinearSystemStructureConverter.....:      0.000 (sys:      0.000 wall:      0.000)
  LinearSystemStructureConverterInit:      0.000 (sys:      0.000 wall:      0.000)
QualityFunctionSearch...............:      0.000 (sys:      0.000 wall:      0.000)
TryCorrector........................:      0.000 (sys:      0.000 wall:      0.000)
Task1...............................:      0.000 (sys:      0.000 wall:      0.000)
Task2...............................:      0.000 (sys:      0.000 wall:      0.000)
Task3...............................:      0.000 (sys:      0.000 wall:      0.000)
Task4...............................:      0.000 (sys:      0.000 wall:      0.000)
Task5...............................:      0.000 (sys:      0.000 wall:      0.000)
Task6...............................:      0.000 (sys:      0.000 wall:      0.000)
Function Evaluations................:      0.006 (sys:      0.000 wall:      0.007)
 Objective function.................:      0.000 (sys:      0.000 wall:      0.000)
 Objective function gradient........:      0.000 (sys:      0.000 wall:      0.000)
 Equality constraints...............:      0.000 (sys:      0.000 wall:      0.000)
 Inequality constraints.............:      0.000 (sys:      0.000 wall:      0.000)
 Equality constraint Jacobian.......:      0.001 (sys:      0.000 wall:      0.002)
 Inequality constraint Jacobian.....:      0.000 (sys:      0.000 wall:      0.000)
 Lagrangian Hessian.................:      0.005 (sys:      0.000 wall:      0.005)

EXIT: Maximum Number of Iterations Exceeded.
Total number of variables............................:     1900
                     variables with only lower bounds:        0
                variables with lower and upper bounds:      600
                     variables with only upper bounds:        0
Total number of equality constraints.................:     1300
Total number of inequality constraints...............:        0
        inequality constraints with only lower bounds:        0
   inequality constraints with lower and upper bounds:        0
        inequality constraints with only upper bounds:        0


Number of Iterations....: 5

                                   (scaled)                 (unscaled)
Objective...............:   3.4567309851490668e-01    6.1947535589602921e+03
Dual infeasibility......:   1.4604069503060479e-02    2.6171724649115566e+02
Constraint violation....:   4.1000965045334681e-07    4.1000965045334681e-07
Variable bound violation:   0.0000000000000000e+00    0.0000000000000000e+00
Complementarity.........:   3.2112624560376587e-04    5.7548532453811987e+00
Overall NLP error.......:   1.4604069503060479e-02    2.6171724649115566e+02


Number of objective function evaluations             = 6
Number of objective gradient evaluations             = 6
Number of equality constraint evaluations            = 6
Number of inequality constraint evaluations          = 0
Number of equality constraint Jacobian evaluations   = 6
Number of inequality constraint Jacobian evaluations = 0
Number of Lagrangian Hessian evaluations             = 5
Total seconds in IPOPT (w/o function evaluations)    =      0.012
Total seconds in NLP function evaluations            =      0.007


Timing Statistics:

OverallAlgorithm....................:      0.019 (sys:      0.000 wall:      0.019)
 PrintProblemStatistics.............:      0.000 (sys:      0.000 wall:      0.000)
 InitializeIterates.................:      0.004 (sys:      0.000 wall:      0.003)
 UpdateHessian......................:      0.005 (sys:      0.000 wall:      0.005)
 OutputIteration....................:      0.000 (sys:      0.000 wall:      0.000)
 UpdateBarrierParameter.............:      0.000 (sys:      0.000 wall:      0.000)
 ComputeSearchDirection.............:      0.008 (sys:      0.000 wall:      0.008)
 ComputeAcceptableTrialPoint........:      0.001 (sys:      0.000 wall:      0.001)
 AcceptTrialPoint...................:      0.000 (sys:      0.000 wall:      0.000)
 CheckConvergence...................:      0.002 (sys:      0.000 wall:      0.002)
PDSystemSolverTotal.................:      0.008 (sys:      0.000 wall:      0.008)
 PDSystemSolverSolveOnce............:      0.007 (sys:      0.000 wall:      0.007)
 ComputeResiduals...................:      0.000 (sys:      0.000 wall:      0.000)
 StdAugSystemSolverMultiSolve.......:      0.010 (sys:      0.000 wall:      0.010)
 LinearSystemScaling................:      0.000 (sys:      0.000 wall:      0.000)
 LinearSystemSymbolicFactorization..:      0.002 (sys:      0.000 wall:      0.002)
 LinearSystemFactorization..........:      0.000 (sys:      0.000 wall:      0.000)
 LinearSystemBackSolve..............:      0.002 (sys:      0.000 wall:      0.002)
 LinearSystemStructureConverter.....:      0.000 (sys:      0.000 wall:      0.000)
  LinearSystemStructureConverterInit:      0.000 (sys:      0.000 wall:      0.000)
QualityFunctionSearch...............:      0.000 (sys:      0.000 wall:      0.000)
TryCorrector........................:      0.000 (sys:      0.000 wall:      0.000)
Task1...............................:      0.000 (sys:      0.000 wall:      0.000)
Task2...............................:      0.000 (sys:      0.000 wall:      0.000)
Task3...............................:      0.000 (sys:      0.000 wall:      0.000)
Task4...............................:      0.000 (sys:      0.000 wall:      0.000)
Task5...............................:      0.000 (sys:      0.000 wall:      0.000)
Task6...............................:      0.000 (sys:      0.000 wall:      0.000)
Function Evaluations................:      0.007 (sys:      0.000 wall:      0.007)
 Objective function.................:      0.000 (sys:      0.000 wall:      0.000)
 Objective function gradient........:      0.000 (sys:      0.000 wall:      0.000)
 Equality constraints...............:      0.000 (sys:      0.000 wall:      0.000)
 Inequality constraints.............:      0.000 (sys:      0.000 wall:      0.000)
 Equality constraint Jacobian.......:      0.002 (sys:      0.000 wall:      0.002)
 Inequality constraint Jacobian.....:      0.000 (sys:      0.000 wall:      0.000)
 Lagrangian Hessian.................:      0.005 (sys:      0.000 wall:      0.005)

EXIT: Maximum Number of Iterations Exceeded.
Total number of variables............................:     1900
                     variables with only lower bounds:        0
                variables with lower and upper bounds:      600
                     variables with only upper bounds:        0
Total number of equality constraints.................:     1300
Total number of inequality constraints...............:        0
        inequality constraints with only lower bounds:        0
   inequality constraints with lower and upper bounds:        0
        inequality constraints with only upper bounds:        0


Number of Iterations....: 5

                                   (scaled)                 (unscaled)
Objective...............:   1.4466143988731284e-01    1.9510438449700878e+03
Dual infeasibility......:   2.4344838159273685e-09    3.2833799168903148e-05
Constraint violation....:   3.2196467714129540e-13    3.2196467714129540e-13
Variable bound violation:   0.0000000000000000e+00    0.0000000000000000e+00
Complementarity.........:   2.7810780333483620e-09    3.7508303412246845e-05
Overall NLP error.......:   2.7810780333483620e-09    3.7508303412246845e-05


Number of objective function evaluations             = 6
Number of objective gradient evaluations             = 6
Number of equality constraint evaluations            = 6
Number of inequality constraint evaluations          = 0
Number of equality constraint Jacobian evaluations   = 6
Number of inequality constraint Jacobian evaluations = 0
Number of Lagrangian Hessian evaluations             = 5
Total seconds in IPOPT (w/o function evaluations)    =      0.012
Total seconds in NLP function evaluations            =      0.007


Timing Statistics:

OverallAlgorithm....................:      0.019 (sys:      0.000 wall:      0.019)
 PrintProblemStatistics.............:      0.000 (sys:      0.000 wall:      0.000)
 InitializeIterates.................:      0.004 (sys:      0.000 wall:      0.004)
 UpdateHessian......................:      0.005 (sys:      0.000 wall:      0.005)
 OutputIteration....................:      0.000 (sys:      0.000 wall:      0.000)
 UpdateBarrierParameter.............:      0.000 (sys:      0.000 wall:      0.000)
 ComputeSearchDirection.............:      0.008 (sys:      0.000 wall:      0.008)
 ComputeAcceptableTrialPoint........:      0.001 (sys:      0.000 wall:      0.001)
 AcceptTrialPoint...................:      0.000 (sys:      0.000 wall:      0.000)
 CheckConvergence...................:      0.002 (sys:      0.000 wall:      0.002)
PDSystemSolverTotal.................:      0.008 (sys:      0.000 wall:      0.008)
 PDSystemSolverSolveOnce............:      0.007 (sys:      0.000 wall:      0.007)
 ComputeResiduals...................:      0.000 (sys:      0.000 wall:      0.000)
 StdAugSystemSolverMultiSolve.......:      0.010 (sys:      0.000 wall:      0.010)
 LinearSystemScaling................:      0.000 (sys:      0.000 wall:      0.000)
 LinearSystemSymbolicFactorization..:      0.002 (sys:      0.000 wall:      0.002)
 LinearSystemFactorization..........:      0.000 (sys:      0.000 wall:      0.000)
 LinearSystemBackSolve..............:      0.002 (sys:      0.000 wall:      0.002)
 LinearSystemStructureConverter.....:      0.000 (sys:      0.000 wall:      0.000)
  LinearSystemStructureConverterInit:      0.000 (sys:      0.000 wall:      0.000)
QualityFunctionSearch...............:      0.000 (sys:      0.000 wall:      0.000)
TryCorrector........................:      0.000 (sys:      0.000 wall:      0.000)
Task1...............................:      0.000 (sys:      0.000 wall:      0.000)
Task2...............................:      0.000 (sys:      0.000 wall:      0.000)
Task3...............................:      0.000 (sys:      0.000 wall:      0.000)
Task4...............................:      0.000 (sys:      0.000 wall:      0.000)
Task5...............................:      0.000 (sys:      0.000 wall:      0.000)
Task6...............................:      0.000 (sys:      0.000 wall:      0.000)
Function Evaluations................:      0.007 (sys:      0.000 wall:      0.007)
 Objective function.................:      0.000 (sys:      0.000 wall:      0.000)
 Objective function gradient........:      0.000 (sys:      0.000 wall:      0.000)
 Equality constraints...............:      0.000 (sys:      0.000 wall:      0.000)
 Inequality constraints.............:      0.000 (sys:      0.000 wall:      0.000)
 Equality constraint Jacobian.......:      0.001 (sys:      0.000 wall:      0.001)
 Inequality constraint Jacobian.....:      0.000 (sys:      0.000 wall:      0.000)
 Lagrangian Hessian.................:      0.005 (sys:      0.000 wall:      0.005)

EXIT: Optimal Solution Found.
Total number of variables............................:     1900
                     variables with only lower bounds:        0
                variables with lower and upper bounds:      600
                     variables with only upper bounds:        0
Total number of equality constraints.................:     1300
Total number of inequality constraints...............:        0
        inequality constraints with only lower bounds:        0
   inequality constraints with lower and upper bounds:        0
        inequality constraints with only upper bounds:        0


Number of Iterations....: 4

                                   (scaled)                 (unscaled)
Objective...............:   7.7401444505076009e-02    6.0867993203130470e+02
Dual infeasibility......:   9.4516519610898797e-11    7.4327177096577969e-07
Constraint violation....:   1.9984014443252818e-15    1.9984014443252818e-15
Variable bound violation:   0.0000000000000000e+00    0.0000000000000000e+00
Complementarity.........:   2.5166157302944566e-09    1.9790502638023575e-05
Overall NLP error.......:   2.5166157302944566e-09    1.9790502638023575e-05


Number of objective function evaluations             = 5
Number of objective gradient evaluations             = 5
Number of equality constraint evaluations            = 5
Number of inequality constraint evaluations          = 0
Number of equality constraint Jacobian evaluations   = 5
Number of inequality constraint Jacobian evaluations = 0
Number of Lagrangian Hessian evaluations             = 4
Total seconds in IPOPT (w/o function evaluations)    =      0.010
Total seconds in NLP function evaluations            =      0.005


Timing Statistics:

OverallAlgorithm....................:      0.015 (sys:      0.000 wall:      0.015)
 PrintProblemStatistics.............:      0.000 (sys:      0.000 wall:      0.000)
 InitializeIterates.................:      0.003 (sys:      0.000 wall:      0.003)
 UpdateHessian......................:      0.004 (sys:      0.000 wall:      0.004)
 OutputIteration....................:      0.000 (sys:      0.000 wall:      0.000)
 UpdateBarrierParameter.............:      0.000 (sys:      0.000 wall:      0.000)
 ComputeSearchDirection.............:      0.006 (sys:      0.000 wall:      0.006)
 ComputeAcceptableTrialPoint........:      0.000 (sys:      0.000 wall:      0.000)
 AcceptTrialPoint...................:      0.000 (sys:      0.000 wall:      0.000)
 CheckConvergence...................:      0.001 (sys:      0.000 wall:      0.001)
PDSystemSolverTotal.................:      0.006 (sys:      0.000 wall:      0.006)
 PDSystemSolverSolveOnce............:      0.006 (sys:      0.000 wall:      0.006)
 ComputeResiduals...................:      0.000 (sys:      0.000 wall:      0.000)
 StdAugSystemSolverMultiSolve.......:      0.009 (sys:      0.000 wall:      0.009)
 LinearSystemScaling................:      0.000 (sys:      0.000 wall:      0.000)
 LinearSystemSymbolicFactorization..:      0.001 (sys:      0.000 wall:      0.001)
 LinearSystemFactorization..........:      0.000 (sys:      0.000 wall:      0.000)
 LinearSystemBackSolve..............:      0.002 (sys:      0.000 wall:      0.002)
 LinearSystemStructureConverter.....:      0.000 (sys:      0.000 wall:      0.000)
  LinearSystemStructureConverterInit:      0.000 (sys:      0.000 wall:      0.000)
QualityFunctionSearch...............:      0.000 (sys:      0.000 wall:      0.000)
TryCorrector........................:      0.000 (sys:      0.000 wall:      0.000)
Task1...............................:      0.000 (sys:      0.000 wall:      0.000)
Task2...............................:      0.000 (sys:      0.000 wall:      0.000)
Task3...............................:      0.000 (sys:      0.000 wall:      0.000)
Task4...............................:      0.000 (sys:      0.000 wall:      0.000)
Task5...............................:      0.000 (sys:      0.000 wall:      0.000)
Task6...............................:      0.000 (sys:      0.000 wall:      0.000)
Function Evaluations................:      0.005 (sys:      0.000 wall:      0.005)
 Objective function.................:      0.000 (sys:      0.000 wall:      0.000)
 Objective function gradient........:      0.000 (sys:      0.000 wall:      0.000)
 Equality constraints...............:      0.000 (sys:      0.000 wall:      0.000)
 Inequality constraints.............:      0.000 (sys:      0.000 wall:      0.000)
 Equality constraint Jacobian.......:      0.001 (sys:      0.000 wall:      0.001)
 Inequality constraint Jacobian.....:      0.000 (sys:      0.000 wall:      0.000)
 Lagrangian Hessian.................:      0.004 (sys:      0.000 wall:      0.004)

EXIT: Optimal Solution Found.
Total number of variables............................:     1900
                     variables with only lower bounds:        0
                variables with lower and upper bounds:      600
                     variables with only upper bounds:        0
Total number of equality constraints.................:     1300
Total number of inequality constraints...............:        0
        inequality constraints with only lower bounds:        0
   inequality constraints with lower and upper bounds:        0
        inequality constraints with only upper bounds:        0


Number of Iterations....: 4

                                   (scaled)                 (unscaled)
Objective...............:   4.2630000183951668e-02    1.8931863668619414e+02
Dual infeasibility......:   1.3466030374109650e-11    5.9802263687557908e-08
Constraint violation....:   2.2204460492503131e-16    2.2204460492503131e-16
Variable bound violation:   0.0000000000000000e+00    0.0000000000000000e+00
Complementarity.........:   2.5083010965873746e-09    1.1139294908639822e-05
Overall NLP error.......:   2.5083010965873746e-09    1.1139294908639822e-05


Number of objective function evaluations             = 5
Number of objective gradient evaluations             = 5
Number of equality constraint evaluations            = 5
Number of inequality constraint evaluations          = 0
Number of equality constraint Jacobian evaluations   = 5
Number of inequality constraint Jacobian evaluations = 0
Number of Lagrangian Hessian evaluations             = 4
Total seconds in IPOPT (w/o function evaluations)    =      0.010
Total seconds in NLP function evaluations            =      0.005


Timing Statistics:

OverallAlgorithm....................:      0.015 (sys:      0.000 wall:      0.015)
 PrintProblemStatistics.............:      0.000 (sys:      0.000 wall:      0.000)
 InitializeIterates.................:      0.003 (sys:      0.000 wall:      0.003)
 UpdateHessian......................:      0.004 (sys:      0.000 wall:      0.004)
 OutputIteration....................:      0.000 (sys:      0.000 wall:      0.000)
 UpdateBarrierParameter.............:      0.000 (sys:      0.000 wall:      0.000)
 ComputeSearchDirection.............:      0.006 (sys:      0.000 wall:      0.006)
 ComputeAcceptableTrialPoint........:      0.000 (sys:      0.000 wall:      0.000)
 AcceptTrialPoint...................:      0.000 (sys:      0.000 wall:      0.000)
 CheckConvergence...................:      0.001 (sys:      0.000 wall:      0.001)
PDSystemSolverTotal.................:      0.006 (sys:      0.000 wall:      0.006)
 PDSystemSolverSolveOnce............:      0.006 (sys:      0.000 wall:      0.006)
 ComputeResiduals...................:      0.000 (sys:      0.000 wall:      0.000)
 StdAugSystemSolverMultiSolve.......:      0.009 (sys:      0.000 wall:      0.009)
 LinearSystemScaling................:      0.000 (sys:      0.000 wall:      0.000)
 LinearSystemSymbolicFactorization..:      0.001 (sys:      0.000 wall:      0.001)
 LinearSystemFactorization..........:      0.000 (sys:      0.000 wall:      0.000)
 LinearSystemBackSolve..............:      0.002 (sys:      0.000 wall:      0.002)
 LinearSystemStructureConverter.....:      0.000 (sys:      0.000 wall:      0.000)
  LinearSystemStructureConverterInit:      0.000 (sys:      0.000 wall:      0.000)
QualityFunctionSearch...............:      0.000 (sys:      0.000 wall:      0.000)
TryCorrector........................:      0.000 (sys:      0.000 wall:      0.000)
Task1...............................:      0.000 (sys:      0.000 wall:      0.000)
Task2...............................:      0.000 (sys:      0.000 wall:      0.000)
Task3...............................:      0.000 (sys:      0.000 wall:      0.000)
Task4...............................:      0.000 (sys:      0.000 wall:      0.000)
Task5...............................:      0.000 (sys:      0.000 wall:      0.000)
Task6...............................:      0.000 (sys:      0.000 wall:      0.000)
Function Evaluations................:      0.005 (sys:      0.000 wall:      0.005)
 Objective function.................:      0.000 (sys:      0.000 wall:      0.000)
 Objective function gradient........:      0.000 (sys:      0.000 wall:      0.000)
 Equality constraints...............:      0.000 (sys:      0.000 wall:      0.000)
 Inequality constraints.............:      0.000 (sys:      0.000 wall:      0.000)
 Equality constraint Jacobian.......:      0.001 (sys:      0.000 wall:      0.001)
 Inequality constraint Jacobian.....:      0.000 (sys:      0.000 wall:      0.000)
 Lagrangian Hessian.................:      0.004 (sys:      0.000 wall:      0.004)

EXIT: Optimal Solution Found.
Total number of variables............................:     1900
                     variables with only lower bounds:        0
                variables with lower and upper bounds:      600
                     variables with only upper bounds:        0
Total number of equality constraints.................:     1300
Total number of inequality constraints...............:        0
        inequality constraints with only lower bounds:        0
   inequality constraints with lower and upper bounds:        0
        inequality constraints with only upper bounds:        0


Number of Iterations....: 4

                                   (scaled)                 (unscaled)
Objective...............:   2.3669456522562509e-02    5.8857911656207804e+01
Dual infeasibility......:   2.1462866206523046e-12    5.3370869832535470e-09
Constraint violation....:   1.1102230246251565e-16    1.1102230246251565e-16
Variable bound violation:   0.0000000000000000e+00    0.0000000000000000e+00
Complementarity.........:   3.6564909978595576e-09    9.0924531333699365e-06
Overall NLP error.......:   3.6564909978595576e-09    9.0924531333699365e-06


Number of objective function evaluations             = 5
Number of objective gradient evaluations             = 5
Number of equality constraint evaluations            = 5
Number of inequality constraint evaluations          = 0
Number of equality constraint Jacobian evaluations   = 5
Number of inequality constraint Jacobian evaluations = 0
Number of Lagrangian Hessian evaluations             = 4
Total seconds in IPOPT (w/o function evaluations)    =      0.010
Total seconds in NLP function evaluations            =      0.005


Timing Statistics:

OverallAlgorithm....................:      0.015 (sys:      0.000 wall:      0.015)
 PrintProblemStatistics.............:      0.000 (sys:      0.000 wall:      0.000)
 InitializeIterates.................:      0.003 (sys:      0.000 wall:      0.003)
 UpdateHessian......................:      0.004 (sys:      0.000 wall:      0.004)
 OutputIteration....................:      0.000 (sys:      0.000 wall:      0.000)
 UpdateBarrierParameter.............:      0.000 (sys:      0.000 wall:      0.000)
 ComputeSearchDirection.............:      0.006 (sys:      0.000 wall:      0.006)
 ComputeAcceptableTrialPoint........:      0.000 (sys:      0.000 wall:      0.000)
 AcceptTrialPoint...................:      0.000 (sys:      0.000 wall:      0.000)
 CheckConvergence...................:      0.001 (sys:      0.000 wall:      0.001)
PDSystemSolverTotal.................:      0.006 (sys:      0.000 wall:      0.006)
 PDSystemSolverSolveOnce............:      0.006 (sys:      0.000 wall:      0.006)
 ComputeResiduals...................:      0.000 (sys:      0.000 wall:      0.000)
 StdAugSystemSolverMultiSolve.......:      0.008 (sys:      0.000 wall:      0.008)
 LinearSystemScaling................:      0.000 (sys:      0.000 wall:      0.000)
 LinearSystemSymbolicFactorization..:      0.001 (sys:      0.000 wall:      0.001)
 LinearSystemFactorization..........:      0.000 (sys:      0.000 wall:      0.000)
 LinearSystemBackSolve..............:      0.001 (sys:      0.000 wall:      0.001)
 LinearSystemStructureConverter.....:      0.000 (sys:      0.000 wall:      0.000)
  LinearSystemStructureConverterInit:      0.000 (sys:      0.000 wall:      0.000)
QualityFunctionSearch...............:      0.000 (sys:      0.000 wall:      0.000)
TryCorrector........................:      0.000 (sys:      0.000 wall:      0.000)
Task1...............................:      0.000 (sys:      0.000 wall:      0.000)
Task2...............................:      0.000 (sys:      0.000 wall:      0.000)
Task3...............................:      0.000 (sys:      0.000 wall:      0.000)
Task4...............................:      0.000 (sys:      0.000 wall:      0.000)
Task5...............................:      0.000 (sys:      0.000 wall:      0.000)
Task6...............................:      0.000 (sys:      0.000 wall:      0.000)
Function Evaluations................:      0.005 (sys:      0.000 wall:      0.005)
 Objective function.................:      0.000 (sys:      0.000 wall:      0.000)
 Objective function gradient........:      0.000 (sys:      0.000 wall:      0.000)
 Equality constraints...............:      0.000 (sys:      0.000 wall:      0.000)
 Inequality constraints.............:      0.000 (sys:      0.000 wall:      0.000)
 Equality constraint Jacobian.......:      0.001 (sys:      0.000 wall:      0.001)
 Inequality constraint Jacobian.....:      0.000 (sys:      0.000 wall:      0.000)
 Lagrangian Hessian.................:      0.004 (sys:      0.000 wall:      0.004)

EXIT: Optimal Solution Found.
Total number of variables............................:     1900
                     variables with only lower bounds:        0
                variables with lower and upper bounds:      600
                     variables with only upper bounds:        0
Total number of equality constraints.................:     1300
Total number of inequality constraints...............:        0
        inequality constraints with only lower bounds:        0
   inequality constraints with lower and upper bounds:        0
        inequality constraints with only upper bounds:        0


Number of Iterations....: 4

                                   (scaled)                 (unscaled)
Objective...............:   1.3208734637841345e-02    1.8330163799408041e+01
Dual infeasibility......:   3.5246111584896767e-13    4.8912103722068218e-10
Constraint violation....:   1.1102230246251565e-16    1.1102230246251565e-16
Variable bound violation:   0.0000000000000000e+00    0.0000000000000000e+00
Complementarity.........:   6.5511518518627411e-09    9.0912331734952774e-06
Overall NLP error.......:   6.5511518518627411e-09    9.0912331734952774e-06


Number of objective function evaluations             = 5
Number of objective gradient evaluations             = 5
Number of equality constraint evaluations            = 5
Number of inequality constraint evaluations          = 0
Number of equality constraint Jacobian evaluations   = 5
Number of inequality constraint Jacobian evaluations = 0
Number of Lagrangian Hessian evaluations             = 4
Total seconds in IPOPT (w/o function evaluations)    =      0.010
Total seconds in NLP function evaluations            =      0.005


Timing Statistics:

OverallAlgorithm....................:      0.015 (sys:      0.000 wall:      0.015)
 PrintProblemStatistics.............:      0.000 (sys:      0.000 wall:      0.000)
 InitializeIterates.................:      0.003 (sys:      0.000 wall:      0.003)
 UpdateHessian......................:      0.004 (sys:      0.000 wall:      0.004)
 OutputIteration....................:      0.000 (sys:      0.000 wall:      0.000)
 UpdateBarrierParameter.............:      0.000 (sys:      0.000 wall:      0.000)
 ComputeSearchDirection.............:      0.006 (sys:      0.000 wall:      0.006)
 ComputeAcceptableTrialPoint........:      0.000 (sys:      0.000 wall:      0.000)
 AcceptTrialPoint...................:      0.000 (sys:      0.000 wall:      0.000)
 CheckConvergence...................:      0.001 (sys:      0.000 wall:      0.001)
PDSystemSolverTotal.................:      0.006 (sys:      0.000 wall:      0.006)
 PDSystemSolverSolveOnce............:      0.006 (sys:      0.000 wall:      0.006)
 ComputeResiduals...................:      0.000 (sys:      0.000 wall:      0.000)
 StdAugSystemSolverMultiSolve.......:      0.008 (sys:      0.000 wall:      0.008)
 LinearSystemScaling................:      0.000 (sys:      0.000 wall:      0.000)
 LinearSystemSymbolicFactorization..:      0.001 (sys:      0.000 wall:      0.001)
 LinearSystemFactorization..........:      0.000 (sys:      0.000 wall:      0.000)
 LinearSystemBackSolve..............:      0.001 (sys:      0.000 wall:      0.001)
 LinearSystemStructureConverter.....:      0.000 (sys:      0.000 wall:      0.000)
  LinearSystemStructureConverterInit:      0.000 (sys:      0.000 wall:      0.000)
QualityFunctionSearch...............:      0.000 (sys:      0.000 wall:      0.000)
TryCorrector........................:      0.000 (sys:      0.000 wall:      0.000)
Task1...............................:      0.000 (sys:      0.000 wall:      0.000)
Task2...............................:      0.000 (sys:      0.000 wall:      0.000)
Task3...............................:      0.000 (sys:      0.000 wall:      0.000)
Task4...............................:      0.000 (sys:      0.000 wall:      0.000)
Task5...............................:      0.000 (sys:      0.000 wall:      0.000)
Task6...............................:      0.000 (sys:      0.000 wall:      0.000)
Function Evaluations................:      0.005 (sys:      0.000 wall:      0.005)
 Objective function.................:      0.000 (sys:      0.000 wall:      0.000)
 Objective function gradient........:      0.000 (sys:      0.000 wall:      0.000)
 Equality constraints...............:      0.000 (sys:      0.000 wall:      0.000)
 Inequality constraints.............:      0.000 (sys:      0.000 wall:      0.000)
 Equality constraint Jacobian.......:      0.001 (sys:      0.000 wall:      0.001)
 Inequality constraint Jacobian.....:      0.000 (sys:      0.000 wall:      0.000)
 Lagrangian Hessian.................:      0.004 (sys:      0.000 wall:      0.004)

EXIT: Optimal Solution Found.
Total number of variables............................:     1900
                     variables with only lower bounds:        0
                variables with lower and upper bounds:      600
                     variables with only upper bounds:        0
Total number of equality constraints.................:     1300
Total number of inequality constraints...............:        0
        inequality constraints with only lower bounds:        0
   inequality constraints with lower and upper bounds:        0
        inequality constraints with only upper bounds:        0


Number of Iterations....: 4

                                   (scaled)                 (unscaled)
Objective...............:   7.4144106397519439e-03    5.7371802519596917e+00
Dual infeasibility......:   1.4307305340466314e-13    1.1070817850038442e-10
Constraint violation....:   1.1102230246251565e-16    1.1102230246251565e-16
Variable bound violation:   0.0000000000000000e+00    0.0000000000000000e+00
Complementarity.........:   1.1748690606247249e-08    9.0909930684391024e-06
Overall NLP error.......:   1.1748690606247249e-08    9.0909930684391024e-06


Number of objective function evaluations             = 5
Number of objective gradient evaluations             = 5
Number of equality constraint evaluations            = 5
Number of inequality constraint evaluations          = 0
Number of equality constraint Jacobian evaluations   = 5
Number of inequality constraint Jacobian evaluations = 0
Number of Lagrangian Hessian evaluations             = 4
Total seconds in IPOPT (w/o function evaluations)    =      0.010
Total seconds in NLP function evaluations            =      0.005


Timing Statistics:

OverallAlgorithm....................:      0.015 (sys:      0.000 wall:      0.015)
 PrintProblemStatistics.............:      0.000 (sys:      0.000 wall:      0.000)
 InitializeIterates.................:      0.003 (sys:      0.000 wall:      0.003)
 UpdateHessian......................:      0.004 (sys:      0.000 wall:      0.004)
 OutputIteration....................:      0.000 (sys:      0.000 wall:      0.000)
 UpdateBarrierParameter.............:      0.000 (sys:      0.000 wall:      0.000)
 ComputeSearchDirection.............:      0.006 (sys:      0.000 wall:      0.006)
 ComputeAcceptableTrialPoint........:      0.000 (sys:      0.000 wall:      0.000)
 AcceptTrialPoint...................:      0.000 (sys:      0.000 wall:      0.000)
 CheckConvergence...................:      0.001 (sys:      0.000 wall:      0.001)
PDSystemSolverTotal.................:      0.006 (sys:      0.000 wall:      0.006)
 PDSystemSolverSolveOnce............:      0.006 (sys:      0.000 wall:      0.006)
 ComputeResiduals...................:      0.000 (sys:      0.000 wall:      0.000)
 StdAugSystemSolverMultiSolve.......:      0.008 (sys:      0.000 wall:      0.008)
 LinearSystemScaling................:      0.000 (sys:      0.000 wall:      0.000)
 LinearSystemSymbolicFactorization..:      0.001 (sys:      0.000 wall:      0.001)
 LinearSystemFactorization..........:      0.000 (sys:      0.000 wall:      0.000)
 LinearSystemBackSolve..............:      0.001 (sys:      0.000 wall:      0.001)
 LinearSystemStructureConverter.....:      0.000 (sys:      0.000 wall:      0.000)
  LinearSystemStructureConverterInit:      0.000 (sys:      0.000 wall:      0.000)
QualityFunctionSearch...............:      0.000 (sys:      0.000 wall:      0.000)
TryCorrector........................:      0.000 (sys:      0.000 wall:      0.000)
Task1...............................:      0.000 (sys:      0.000 wall:      0.000)
Task2...............................:      0.000 (sys:      0.000 wall:      0.000)
Task3...............................:      0.000 (sys:      0.000 wall:      0.000)
Task4...............................:      0.000 (sys:      0.000 wall:      0.000)
Task5...............................:      0.000 (sys:      0.000 wall:      0.000)
Task6...............................:      0.000 (sys:      0.000 wall:      0.000)
Function Evaluations................:      0.005 (sys:      0.000 wall:      0.005)
 Objective function.................:      0.000 (sys:      0.000 wall:      0.000)
 Objective function gradient........:      0.000 (sys:      0.000 wall:      0.000)
 Equality constraints...............:      0.000 (sys:      0.000 wall:      0.000)
 Inequality constraints.............:      0.000 (sys:      0.000 wall:      0.000)
 Equality constraint Jacobian.......:      0.001 (sys:      0.000 wall:      0.001)
 Inequality constraint Jacobian.....:      0.000 (sys:      0.000 wall:      0.000)
 Lagrangian Hessian.................:      0.004 (sys:      0.000 wall:      0.004)

EXIT: Optimal Solution Found.
Total number of variables............................:     1900
                     variables with only lower bounds:        0
                variables with lower and upper bounds:      600
                     variables with only upper bounds:        0
Total number of equality constraints.................:     1300
Total number of inequality constraints...............:        0
        inequality constraints with only lower bounds:        0
   inequality constraints with lower and upper bounds:        0
        inequality constraints with only upper bounds:        0


Number of Iterations....: 4

                                   (scaled)                 (unscaled)
Objective...............:   4.2342421517105842e-03    1.8259613354532120e+00
Dual infeasibility......:   2.2493118478905672e-13    9.6998620259961960e-11
Constraint violation....:   1.1102230246251565e-16    1.1102230246251565e-16
Variable bound violation:   0.0000000000000000e+00    0.0000000000000000e+00
Complementarity.........:   2.1081065209177254e-08    9.0909325926422840e-06
Overall NLP error.......:   2.1081065209177254e-08    9.0909325926422840e-06


Number of objective function evaluations             = 5
Number of objective gradient evaluations             = 5
Number of equality constraint evaluations            = 5
Number of inequality constraint evaluations          = 0
Number of equality constraint Jacobian evaluations   = 5
Number of inequality constraint Jacobian evaluations = 0
Number of Lagrangian Hessian evaluations             = 4
Total seconds in IPOPT (w/o function evaluations)    =      0.010
Total seconds in NLP function evaluations            =      0.005


Timing Statistics:

OverallAlgorithm....................:      0.015 (sys:      0.000 wall:      0.015)
 PrintProblemStatistics.............:      0.000 (sys:      0.000 wall:      0.000)
 InitializeIterates.................:      0.003 (sys:      0.000 wall:      0.003)
 UpdateHessian......................:      0.004 (sys:      0.000 wall:      0.004)
 OutputIteration....................:      0.000 (sys:      0.000 wall:      0.000)
 UpdateBarrierParameter.............:      0.000 (sys:      0.000 wall:      0.000)
 ComputeSearchDirection.............:      0.006 (sys:      0.000 wall:      0.006)
 ComputeAcceptableTrialPoint........:      0.000 (sys:      0.000 wall:      0.000)
 AcceptTrialPoint...................:      0.000 (sys:      0.000 wall:      0.000)
 CheckConvergence...................:      0.001 (sys:      0.000 wall:      0.001)
PDSystemSolverTotal.................:      0.006 (sys:      0.000 wall:      0.006)
 PDSystemSolverSolveOnce............:      0.006 (sys:      0.000 wall:      0.006)
 ComputeResiduals...................:      0.000 (sys:      0.000 wall:      0.000)
 StdAugSystemSolverMultiSolve.......:      0.009 (sys:      0.000 wall:      0.009)
 LinearSystemScaling................:      0.000 (sys:      0.000 wall:      0.000)
 LinearSystemSymbolicFactorization..:      0.001 (sys:      0.000 wall:      0.001)
 LinearSystemFactorization..........:      0.000 (sys:      0.000 wall:      0.000)
 LinearSystemBackSolve..............:      0.001 (sys:      0.000 wall:      0.001)
 LinearSystemStructureConverter.....:      0.000 (sys:      0.000 wall:      0.000)
  LinearSystemStructureConverterInit:      0.000 (sys:      0.000 wall:      0.000)
QualityFunctionSearch...............:      0.000 (sys:      0.000 wall:      0.000)
TryCorrector........................:      0.000 (sys:      0.000 wall:      0.000)
Task1...............................:      0.000 (sys:      0.000 wall:      0.000)
Task2...............................:      0.000 (sys:      0.000 wall:      0.000)
Task3...............................:      0.000 (sys:      0.000 wall:      0.000)
Task4...............................:      0.000 (sys:      0.000 wall:      0.000)
Task5...............................:      0.000 (sys:      0.000 wall:      0.000)
Task6...............................:      0.000 (sys:      0.000 wall:      0.000)
Function Evaluations................:      0.005 (sys:      0.000 wall:      0.005)
 Objective function.................:      0.000 (sys:      0.000 wall:      0.000)
 Objective function gradient........:      0.000 (sys:      0.000 wall:      0.000)
 Equality constraints...............:      0.000 (sys:      0.000 wall:      0.000)
 Inequality constraints.............:      0.000 (sys:      0.000 wall:      0.000)
 Equality constraint Jacobian.......:      0.001 (sys:      0.000 wall:      0.001)
 Inequality constraint Jacobian.....:      0.000 (sys:      0.000 wall:      0.000)
 Lagrangian Hessian.................:      0.004 (sys:      0.000 wall:      0.004)

EXIT: Optimal Solution Found.
